z,DL_EM_Mpc,DL_GW_Mpc,R_D,t_EM_s,t_GW_s,Delta_t_s,R_c
0.0,0.0,0.0,1.0,0.0,0.0,0.0,1.0
0.02512562814070352,103.08089248783155,103.08089248783155,1.0,1.0234124213838352e+16,1.0234124213838352e+16,0.0,1.0
0.05025125628140704,210.5326784683917,210.5326784683917,1.0,2.0176746119900136e+16,2.0176746119900136e+16,0.0,1.0
0.07537688442211056,322.2034856012921,322.2034856012921,1.0,2.983163045806547e+16,2.983163045806547e+16,0.0,1.0
0.10050251256281408,437.93901448877716,437.93901448877716,1.0,3.920296745858685e+16,3.920296745858685e+16,0.0,1.0
0.1256281407035176,557.5848113950594,557.5848113950594,1.0,4.829524707347611e+16,4.829524707347611e+16,0.0,1.0
0.15075376884422112,680.9863672042669,680.9863672042669,1.0,5.711341584217543e+16,5.711341584217543e+16,0.0,1.0
0.17587939698492464,807.9914807603576,807.9914807603576,1.0,6.566266893461936e+16,6.566266893461936e+16,0.0,1.0
0.20100502512562815,938.4492728462254,938.4492728462254,1.0,7.39485782410423e+16,7.39485782410423e+16,0.0,1.0
0.22613065326633167,1072.2120418388008,1072.2120418388008,1.0,8.197694479485482e+16,8.197694479485482e+16,0.0,1.0
0.2512562814070352,1209.1349492568984,1209.1349492568984,1.0,8.975382622193416e+16,8.975382622193416e+16,0.0,1.0
0.2763819095477387,1349.0769788868465,1349.0769788868465,1.0,9.72854976571713e+16,9.72854976571713e+16,0.0,1.0
0.30150753768844224,1491.9042508895916,1491.9042508895916,1.0,1.0457829516343149e+17,1.0457829516343149e+17,0.0,1.0
0.32663316582914576,1637.485739923477,1637.485739923477,1.0,1.1163877425613182e+17,1.1163877425613182e+17,0.0,1.0
0.35175879396984927,1785.6946980328155,1785.6946980328155,1.0,1.1847357487168986e+17,1.1847357487168986e+17,0.0,1.0
0.3768844221105528,1936.4111506976703,1936.4111506976703,1.0,1.2508931973841077e+17,1.2508931973841077e+17,0.0,1.0
0.4020100502512563,2089.5200503532733,2089.5200503532733,1.0,1.314926856144524e+17,1.314926856144524e+17,0.0,1.0
0.4271356783919598,2244.9113706744433,2244.9113706744433,1.0,1.3769034612083342e+17,1.3769034612083342e+17,0.0,1.0
0.45226130653266333,2402.479854730426,2402.479854730426,1.0,1.4368892104777013e+17,1.4368892104777013e+17,0.0,1.0
0.47738693467336685,2562.125264503042,2562.125264503042,1.0,1.4949495679660054e+17,1.4949495679660054e+17,0.0,1.0
0.5025125628140704,2723.7539841917264,2723.7539841917264,1.0,1.5511488262206944e+17,1.5511488262206944e+17,0.0,1.0
0.5276381909547739,2887.276881399214,2887.276881399214,1.0,1.6055503749530678e+17,1.6055503749530678e+17,0.0,1.0
0.5527638190954774,3052.6079967951255,3052.6079967951255,1.0,1.6582167603770845e+17,1.6582167603770845e+17,0.0,1.0
0.577889447236181,3219.6679378983313,3219.6679378983313,1.0,1.709209023477834e+17,1.709209023477834e+17,0.0,1.0
0.6030150753768845,3388.382403408477,3388.382403408477,1.0,1.7585862976577494e+17,1.7585862976577494e+17,0.0,1.0
0.628140703517588,3558.679384543067,3558.679384543067,1.0,1.8064065190725584e+17,1.8064065190725584e+17,0.0,1.0
0.6532663316582915,3730.489966754057,3730.489966754057,1.0,1.852726174931716e+17,1.852726174931716e+17,0.0,1.0
0.678391959798995,3903.750974444023,3903.750974444023,1.0,1.8975998255881533e+17,1.8975998255881533e+17,0.0,1.0
0.7035175879396985,4078.4026022372577,4078.4026022372577,1.0,1.9410804292955315e+17,1.9410804292955315e+17,0.0,1.0
0.7286432160804021,4254.38744869769,4254.38744869769,1.0,1.9832191154613517e+17,1.9832191154613517e+17,0.0,1.0
0.7537688442211056,4431.652762796702,4431.652762796702,1.0,2.02406535747276e+17,2.02406535747276e+17,0.0,1.0
0.7788944723618091,4610.147980072909,4610.147980072909,1.0,2.0636670079780726e+17,2.0636670079780726e+17,0.0,1.0
0.8040201005025126,4789.824148778142,4789.824148778142,1.0,2.1020702289987133e+17,2.1020702289987133e+17,0.0,1.0
0.8291457286432161,4970.636244566331,4970.636244566331,1.0,2.139319394025074e+17,2.139319394025074e+17,0.0,1.0
0.8542713567839196,5152.543458964942,5152.543458964942,1.0,2.1754571349190893e+17,2.1754571349190893e+17,0.0,1.0
0.8793969849246231,5335.50612986387,5335.50612986387,1.0,2.2105245499715776e+17,2.2105245499715776e+17,0.0,1.0
0.9045226130653267,5519.484835942593,5519.484835942593,1.0,2.2445612673717622e+17,2.2445612673717622e+17,0.0,1.0
0.9296482412060302,5704.4434751652625,5704.4434751652625,1.0,2.277605351605815e+17,2.277605351605815e+17,0.0,1.0
0.9547738693467337,5890.349988851238,5890.349988851238,1.0,2.3096933351343478e+17,2.3096933351343478e+17,0.0,1.0
0.9798994974874372,6077.172655377463,6077.172655377463,1.0,2.3408601907522893e+17,2.3408601907522893e+17,0.0,1.0
1.0050251256281408,6264.880306144874,6264.880306144874,1.0,2.3711395431015904e+17,2.3711395431015904e+17,0.0,1.0
1.0301507537688444,6453.443700755998,6453.443700755998,1.0,2.400563871004119e+17,2.400563871004119e+17,0.0,1.0
1.0552763819095479,6642.835287747141,6642.835287747141,1.0,2.429164127817618e+17,2.429164127817618e+17,0.0,1.0
1.0804020100502514,6833.029897679225,6833.029897679225,1.0,2.456970049281565e+17,2.456970049281565e+17,0.0,1.0
1.105527638190955,7024.002408368557,7024.002408368557,1.0,2.4840102000337965e+17,2.4840102000337965e+17,0.0,1.0
1.1306532663316584,7215.729349831861,7215.729349831861,1.0,2.5103119589665542e+17,2.5103119589665542e+17,0.0,1.0
1.155778894472362,7408.1898995648,7408.1898995648,1.0,2.5359015723045098e+17,2.5359015723045098e+17,0.0,1.0
1.1809045226130654,7601.362648724493,7601.362648724493,1.0,2.56080417469896e+17,2.56080417469896e+17,0.0,1.0
1.206030150753769,7795.226378091652,7795.226378091652,1.0,2.5850440540517872e+17,2.5850440540517872e+17,0.0,1.0
1.2311557788944725,7989.761205724875,7989.761205724875,1.0,2.608644333667224e+17,2.608644333667224e+17,0.0,1.0
1.256281407035176,8184.94954387091,8184.94954387091,1.0,2.6316271612217574e+17,2.6316271612217574e+17,0.0,1.0
1.2814070351758795,8380.775457099855,8380.775457099855,1.0,2.6540139047761594e+17,2.6540139047761594e+17,0.0,1.0
1.306532663316583,8577.223387842723,8577.223387842723,1.0,2.675825044124293e+17,2.675825044124293e+17,0.0,1.0
1.3316582914572865,8774.27625936499,8774.27625936499,1.0,2.6970802108678483e+17,2.6970802108678483e+17,0.0,1.0
1.35678391959799,8971.91732245676,8971.91732245676,1.0,2.7177982040322806e+17,2.7177982040322806e+17,0.0,1.0
1.3819095477386936,9170.132648910203,9170.132648910203,1.0,2.737997068084699e+17,2.737997068084699e+17,0.0,1.0
1.407035175879397,9368.909466774947,9368.909466774947,1.0,2.7576941511812915e+17,2.7576941511812915e+17,0.0,1.0
1.4321608040201006,9568.235063973898,9568.235063973898,1.0,2.776906107854898e+17,2.776906107854898e+17,0.0,1.0
1.4572864321608041,9768.096066307611,9768.096066307611,1.0,2.795648937340856e+17,2.795648937340856e+17,0.0,1.0
1.4824120603015076,9968.480066331811,9968.480066331811,1.0,2.8139380001568077e+17,2.8139380001568077e+17,0.0,1.0
1.5075376884422111,10169.37525245553,10169.37525245553,1.0,2.83178804997606e+17,2.83178804997606e+17,0.0,1.0
1.5326633165829147,10370.770140084922,10370.770140084922,1.0,2.849213259522134e+17,2.849213259522134e+17,0.0,1.0
1.5577889447236182,10572.654326680415,10572.654326680415,1.0,2.866227199606421e+17,2.866227199606421e+17,0.0,1.0
1.5829145728643217,10775.016552118115,10775.016552118115,1.0,2.8828429233776134e+17,2.8828429233776134e+17,0.0,1.0
1.6080402010050252,10977.84638631509,10977.84638631509,1.0,2.899073023234993e+17,2.899073023234993e+17,0.0,1.0
1.6331658291457287,11181.13519748981,11181.13519748981,1.0,2.9149296085686925e+17,2.9149296085686925e+17,0.0,1.0
1.6582914572864322,11384.874742546548,11384.874742546548,1.0,2.930424335157637e+17,2.930424335157637e+17,0.0,1.0
1.6834170854271358,11589.05588364656,11589.05588364656,1.0,2.945568338474221e+17,2.945568338474221e+17,0.0,1.0
1.7085427135678393,11793.668586978176,11793.668586978176,1.0,2.960372342552119e+17,2.960372342552119e+17,0.0,1.0
1.7336683417085428,11998.704039998935,11998.704039998935,1.0,2.9748467614555814e+17,2.9748467614555814e+17,0.0,1.0
1.7587939698492463,12204.154490682417,12204.154490682417,1.0,2.9890015452117504e+17,2.9890015452117504e+17,0.0,1.0
1.7839195979899498,12410.012695458256,12410.012695458256,1.0,3.002846250186841e+17,3.002846250186841e+17,0.0,1.0
1.8090452261306533,12616.272177111678,12616.272177111678,1.0,3.016390156618597e+17,3.016390156618597e+17,0.0,1.0
1.8341708542713568,12822.926184039497,12822.926184039497,1.0,3.0296421327635955e+17,3.0296421327635955e+17,0.0,1.0
1.8592964824120604,13029.967206035913,13029.967206035913,1.0,3.042610744179468e+17,3.042610744179468e+17,0.0,1.0
1.8844221105527639,13237.387162605943,13237.387162605943,1.0,3.0553042646967136e+17,3.0553042646967136e+17,0.0,1.0
1.9095477386934674,13445.179029826042,13445.179029826042,1.0,3.06773064783578e+17,3.06773064783578e+17,0.0,1.0
1.934673366834171,13653.336971199884,13653.336971199884,1.0,3.0798975709516096e+17,3.0798975709516096e+17,0.0,1.0
1.9597989949748744,13861.855461265215,13861.855461265215,1.0,3.091812435598433e+17,3.091812435598433e+17,0.0,1.0
1.984924623115578,14070.729065033454,14070.729065033454,1.0,3.103482371861523e+17,3.103482371861523e+17,0.0,1.0
2.0100502512562817,14279.951478256946,14279.951478256946,1.0,3.1149142748038176e+17,3.1149142748038176e+17,0.0,1.0
2.035175879396985,14489.516337259562,14489.516337259562,1.0,3.126114785238555e+17,3.126114785238555e+17,0.0,1.0
2.0603015075376887,14699.41845809237,14699.41845809237,1.0,3.1370902937042304e+17,3.1370902937042304e+17,0.0,1.0
2.085427135678392,14909.652917471167,14909.652917471167,1.0,3.1478470243999226e+17,3.1478470243999226e+17,0.0,1.0
2.1105527638190957,15120.214010899037,15120.214010899037,1.0,3.158390933149949e+17,3.158390933149949e+17,0.0,1.0
2.1356783919597992,15331.096809853818,15331.096809853818,1.0,3.1687277957952026e+17,3.1687277957952026e+17,0.0,1.0
2.1608040201005028,15542.29649004312,15542.29649004312,1.0,3.178863212087478e+17,3.178863212087478e+17,0.0,1.0
2.1859296482412063,15753.8074098767,15753.8074098767,1.0,3.188802546246341e+17,3.188802546246341e+17,0.0,1.0
2.21105527638191,15965.62489717765,15965.62489717765,1.0,3.198551003360326e+17,3.198551003360326e+17,0.0,1.0
2.2361809045226133,16177.745236211127,16177.745236211127,1.0,3.2081136496400736e+17,3.2081136496400736e+17,0.0,1.0
2.261306532663317,16390.164418829627,16390.164418829627,1.0,3.2174953407522835e+17,3.2174953407522835e+17,0.0,1.0
2.2864321608040203,16602.878393584593,16602.878393584593,1.0,3.226700757809735e+17,3.226700757809735e+17,0.0,1.0
2.311557788944724,16815.883128748104,16815.883128748104,1.0,3.2357344643193165e+17,3.2357344643193165e+17,0.0,1.0
2.3366834170854274,17029.17361956865,17029.17361956865,1.0,3.2446008850773677e+17,3.2446008850773677e+17,0.0,1.0
2.361809045226131,17242.745195890657,17242.745195890657,1.0,3.253304297379293e+17,3.253304297379293e+17,0.0,1.0
2.3869346733668344,17456.59418648802,17456.59418648802,1.0,3.261848814316569e+17,3.261848814316569e+17,0.0,1.0
2.412060301507538,17670.717055514782,17670.717055514782,1.0,3.270238410504797e+17,3.270238410504797e+17,0.0,1.0
2.4371859296482414,17885.1105665656,17885.1105665656,1.0,3.2784769569588346e+17,3.2784769569588346e+17,0.0,1.0
2.462311557788945,18099.771606341914,18099.771606341914,1.0,3.28656820769551e+17,3.28656820769551e+17,0.0,1.0
2.4874371859296485,18314.697111718757,18314.697111718757,1.0,3.2945157972870355e+17,3.2945157972870355e+17,0.0,1.0
2.512562814070352,18529.883331523924,18529.883331523924,1.0,3.302323246368065e+17,3.302323246368065e+17,0.0,1.0
2.5376884422110555,18745.32638124621,18745.32638124621,1.0,3.3099939655995565e+17,3.3099939655995565e+17,0.0,1.0
2.562814070351759,18961.022560645877,18961.022560645877,1.0,3.31753125967122e+17,3.31753125967122e+17,0.0,1.0
2.5879396984924625,19176.968315145594,19176.968315145594,1.0,3.3249383315388774e+17,3.3249383315388774e+17,0.0,1.0
2.613065326633166,19393.160779020436,19393.160779020436,1.0,3.332218285923106e+17,3.332218285923106e+17,0.0,1.0
2.6381909547738696,19609.59724507295,19609.59724507295,1.0,3.339374133586212e+17,3.339374133586212e+17,0.0,1.0
2.663316582914573,19826.275059358053,19826.275059358053,1.0,3.346408795010582e+17,3.346408795010582e+17,0.0,1.0
2.6884422110552766,20043.19128558561,20043.19128558561,1.0,3.353325104058447e+17,3.353325104058447e+17,0.0,1.0
2.71356783919598,20260.342448302083,20260.342448302083,1.0,3.360125811357786e+17,3.360125811357786e+17,0.0,1.0
2.7386934673366836,20477.72547222327,20477.72547222327,1.0,3.36681358674474e+17,3.36681358674474e+17,0.0,1.0
2.763819095477387,20695.337942827515,20695.337942827515,1.0,3.373391022108233e+17,3.373391022108233e+17,0.0,1.0
2.7889447236180906,20913.177499684592,20913.177499684592,1.0,3.379860634660346e+17,3.379860634660346e+17,0.0,1.0
2.814070351758794,21131.2415065619,21131.2415065619,1.0,3.3862248698468966e+17,3.3862248698468966e+17,0.0,1.0
2.8391959798994977,21349.527061581073,21349.527061581073,1.0,3.392486103911379e+17,3.392486103911379e+17,0.0,1.0
2.864321608040201,21568.031655704726,21568.031655704726,1.0,3.3986466459909325e+17,3.3986466459909325e+17,0.0,1.0
2.8894472361809047,21786.752704186973,21786.752704186973,1.0,3.404708740759133e+17,3.404708740759133e+17,0.0,1.0
2.9145728643216082,22005.687268990474,22005.687268990474,1.0,3.410674570842112e+17,3.410674570842112e+17,0.0,1.0
2.9396984924623117,22224.83272186633,22224.83272186633,1.0,3.4165462424562266e+17,3.4165462424562266e+17,0.0,1.0
2.9648241206030153,22444.18684350478,22444.18684350478,1.0,3.42232579950743e+17,3.42232579950743e+17,0.0,1.0
2.9899497487437188,22663.74766352394,22663.74766352394,1.0,3.428015245136412e+17,3.428015245136412e+17,0.0,1.0
3.0150753768844223,22883.51330813071,22883.51330813071,1.0,3.43361653173404e+17,3.43361653173404e+17,0.0,1.0
3.040201005025126,23103.48195831741,23103.48195831741,1.0,3.4391315595896915e+17,3.4391315595896915e+17,0.0,1.0
3.0653266331658293,23323.651785641392,23323.651785641392,1.0,3.444562174099319e+17,3.444562174099319e+17,0.0,1.0
3.090452261306533,23544.020318539948,23544.020318539948,1.0,3.449910151134814e+17,3.449910151134814e+17,0.0,1.0
3.1155778894472363,23764.58439383415,23764.58439383415,1.0,3.455177223737823e+17,3.455177223737823e+17,0.0,1.0
3.14070351758794,23985.341594726342,23985.341594726342,1.0,3.460365099742646e+17,3.460365099742646e+17,0.0,1.0
3.1658291457286434,24206.290365268185,24206.290365268185,1.0,3.465475442765096e+17,3.465475442765096e+17,0.0,1.0
3.190954773869347,24427.428822867227,24427.428822867227,1.0,3.4705098484624506e+17,3.4705098484624506e+17,0.0,1.0
3.2160804020100504,24648.75506699554,24648.75506699554,1.0,3.475469867466729e+17,3.475469867466729e+17,0.0,1.0
3.241206030150754,24870.26761588008,24870.26761588008,1.0,3.480357035687777e+17,3.480357035687777e+17,0.0,1.0
3.2663316582914574,25091.964980952802,25091.964980952802,1.0,3.485172846751189e+17,3.485172846751189e+17,0.0,1.0
3.291457286432161,25313.84534547851,25313.84534547851,1.0,3.4899187328282086e+17,3.4899187328282086e+17,0.0,1.0
3.3165829145728645,25535.906616144868,25535.906616144868,1.0,3.494596097159738e+17,3.494596097159738e+17,0.0,1.0
3.341708542713568,25758.146816226315,25758.146816226315,1.0,3.499206332043512e+17,3.499206332043512e+17,0.0,1.0
3.3668341708542715,25980.56392063492,25980.56392063492,1.0,3.50375076268036e+17,3.50375076268036e+17,0.0,1.0
3.391959798994975,26203.156000315725,26203.156000315725,1.0,3.508230681193122e+17,3.508230681193122e+17,0.0,1.0
3.4170854271356785,26425.92138995045,26425.92138995045,1.0,3.512647379286207e+17,3.512647379286207e+17,0.0,1.0
3.442211055276382,26648.858181546475,26648.858181546475,1.0,3.5170020849795283e+17,3.5170020849795283e+17,0.0,1.0
3.4673366834170856,26871.964818435103,26871.964818435103,1.0,3.521295997919673e+17,3.521295997919673e+17,0.0,1.0
3.492462311557789,27095.24014353099,27095.24014353099,1.0,3.5255303104408154e+17,3.5255303104408154e+17,0.0,1.0
3.5175879396984926,27318.68262508661,27318.68262508661,1.0,3.529706162344118e+17,3.529706162344118e+17,0.0,1.0
3.542713567839196,27542.290666982022,27542.290666982022,1.0,3.53382467737075e+17,3.53382467737075e+17,0.0,1.0
3.5678391959798996,27766.06226226742,27766.06226226742,1.0,3.537886950052071e+17,3.537886950052071e+17,0.0,1.0
3.592964824120603,27989.995575887187,27989.995575887187,1.0,3.541894040034596e+17,3.541894040034596e+17,0.0,1.0
3.6180904522613067,28214.089481705472,28214.089481705472,1.0,3.5458469973648275e+17,3.5458469973648275e+17,0.0,1.0
3.64321608040201,28438.34260185055,28438.34260185055,1.0,3.549746831899873e+17,3.549746831899873e+17,0.0,1.0
3.6683417085427137,28662.75380256235,28662.75380256235,1.0,3.55359454168769e+17,3.55359454168769e+17,0.0,1.0
3.693467336683417,28887.321759133487,28887.321759133487,1.0,3.5573910898635437e+17,3.5573910898635437e+17,0.0,1.0
3.7185929648241207,29112.04487006213,29112.04487006213,1.0,3.56113741780032e+17,3.56113741780032e+17,0.0,1.0
3.7437185929648242,29336.921535913112,29336.921535913112,1.0,3.5648344527055494e+17,3.5648344527055494e+17,0.0,1.0
3.7688442211055277,29561.950362183838,29561.950362183838,1.0,3.568483092962373e+17,3.568483092962373e+17,0.0,1.0
3.7939698492462313,29787.12976843344,29787.12976843344,1.0,3.572084221550758e+17,3.572084221550758e+17,0.0,1.0
3.819095477386935,30012.457971366886,30012.457971366886,1.0,3.575638696682947e+17,3.575638696682947e+17,0.0,1.0
3.8442211055276383,30237.933734865786,30237.933734865786,1.0,3.579147359489317e+17,3.579147359489317e+17,0.0,1.0
3.869346733668342,30463.55594775843,30463.55594775843,1.0,3.5826110301791917e+17,3.5826110301791917e+17,0.0,1.0
3.8944723618090453,30689.323518643912,30689.323518643912,1.0,3.586030510537755e+17,3.586030510537755e+17,0.0,1.0
3.919597989949749,30915.23538875847,30915.23538875847,1.0,3.5894065850053805e+17,3.5894065850053805e+17,0.0,1.0
3.9447236180904524,31141.290472925706,31141.290472925706,1.0,3.592740018348312e+17,3.592740018348312e+17,0.0,1.0
3.969849246231156,31367.487764676753,31367.487764676753,1.0,3.5960315612334464e+17,3.5960315612334464e+17,0.0,1.0
3.9949748743718594,31593.826187072496,31593.826187072496,1.0,3.599281943545675e+17,3.599281943545675e+17,0.0,1.0
4.020100502512563,31820.30478579697,31820.30478579697,1.0,3.6024918840390624e+17,3.6024918840390624e+17,0.0,1.0
4.045226130653266,32046.922215371,32046.922215371,1.0,3.605662079740716e+17,3.605662079740716e+17,0.0,1.0
4.07035175879397,32273.676582627722,32273.676582627722,1.0,3.608793212914783e+17,3.608793212914783e+17,0.0,1.0
4.0954773869346734,32500.566362220525,32500.566362220525,1.0,3.6118859559532826e+17,3.6118859559532826e+17,0.0,1.0
4.120603015075377,32727.59046806598,32727.59046806598,1.0,3.614940959169509e+17,3.614940959169509e+17,0.0,1.0
4.1457286432160805,32954.748086831256,32954.748086831256,1.0,3.6179588688923923e+17,3.6179588688923923e+17,0.0,1.0
4.170854271356784,33182.03818509421,33182.03818509421,1.0,3.620940306984671e+17,3.620940306984671e+17,0.0,1.0
4.1959798994974875,33409.45998924435,33409.45998924435,1.0,3.623885892976002e+17,3.623885892976002e+17,0.0,1.0
4.2211055276381915,33637.01249212361,33637.01249212361,1.0,3.6267962223382234e+17,3.6267962223382234e+17,0.0,1.0
4.2462311557788945,33864.69466892374,33864.69466892374,1.0,3.6296718765201517e+17,3.6296718765201517e+17,0.0,1.0
4.2713567839195985,34092.505827834786,34092.505827834786,1.0,3.6325134387042656e+17,3.6325134387042656e+17,0.0,1.0
4.296482412060302,34320.444961406014,34320.444961406014,1.0,3.6353214656371014e+17,3.6353214656371014e+17,0.0,1.0
4.3216080402010055,34548.51080622772,34548.51080622772,1.0,3.638096511823143e+17,3.638096511823143e+17,0.0,1.0
4.346733668341709,34776.701964500964,34776.701964500964,1.0,3.640839116323448e+17,3.640839116323448e+17,0.0,1.0
4.371859296482413,35005.01739663959,35005.01739663959,1.0,3.643549800729716e+17,3.643549800729716e+17,0.0,1.0
4.396984924623116,35233.456510151,35233.456510151,1.0,3.6462290916556896e+17,3.6462290916556896e+17,0.0,1.0
4.42211055276382,35462.01831052649,35462.01831052649,1.0,3.6488774903911514e+17,3.6488774903911514e+17,0.0,1.0
4.447236180904523,35690.70144255901,35690.70144255901,1.0,3.651495486168671e+17,3.651495486168671e+17,0.0,1.0
4.472361809045227,35919.50507833949,35919.50507833949,1.0,3.6540835766404346e+17,3.6540835766404346e+17,0.0,1.0
4.49748743718593,36148.42828817023,36148.42828817023,1.0,3.65664223149377e+17,3.65664223149377e+17,0.0,1.0
4.522613065326634,36377.47013125463,36377.47013125463,1.0,3.6591719100745043e+17,3.6591719100745043e+17,0.0,1.0
4.547738693467337,36606.63012279447,36606.63012279447,1.0,3.661673080121636e+17,3.661673080121636e+17,0.0,1.0
4.572864321608041,36835.907409480205,36835.907409480205,1.0,3.664146185191362e+17,3.664146185191362e+17,0.0,1.0
4.597989949748744,37065.30075939393,37065.30075939393,1.0,3.6665916570647936e+17,3.6665916570647936e+17,0.0,1.0
4.623115577889448,37294.809119186975,37294.809119186975,1.0,3.669009932887997e+17,3.669009932887997e+17,0.0,1.0
4.648241206030151,37524.431600310265,37524.431600310265,1.0,3.671401434958131e+17,3.671401434958131e+17,0.0,1.0
4.673366834170855,37754.167314958824,37754.167314958824,1.0,3.673766569524316e+17,3.673766569524316e+17,0.0,1.0
4.698492462311558,37984.015587453876,37984.015587453876,1.0,3.676105742517724e+17,3.676105742517724e+17,0.0,1.0
4.723618090452262,38213.97593169727,38213.97593169727,1.0,3.6784193586501965e+17,3.6784193586501965e+17,0.0,1.0
4.748743718592965,38444.04750152492,38444.04750152492,1.0,3.680707801182642e+17,3.680707801182642e+17,0.0,1.0
4.773869346733669,38674.2294346281,38674.2294346281,1.0,3.682971445072193e+17,3.682971445072193e+17,0.0,1.0
4.798994974874372,38904.52122626698,38904.52122626698,1.0,3.6852106707551494e+17,3.6852106707551494e+17,0.0,1.0
4.824120603015076,39134.92223685368,39134.92223685368,1.0,3.687425850152341e+17,3.687425850152341e+17,0.0,1.0
4.849246231155779,39365.431283621016,39365.431283621016,1.0,3.689617336877277e+17,3.689617336877277e+17,0.0,1.0
4.874371859296483,39596.04733482614,39596.04733482614,1.0,3.691785478897798e+17,3.691785478897798e+17,0.0,1.0
4.899497487437186,39826.76959769086,39826.76959769086,1.0,3.693930628083685e+17,3.693930628083685e+17,0.0,1.0
4.92462311557789,40057.59716347452,40057.59716347452,1.0,3.696053129190004e+17,3.696053129190004e+17,0.0,1.0
4.949748743718593,40288.52915482047,40288.52915482047,1.0,3.698153310566479e+17,3.698153310566479e+17,0.0,1.0
4.974874371859297,40519.56478177044,40519.56478177044,1.0,3.7002314932739603e+17,3.7002314932739603e+17,0.0,1.0
5.0,40750.703535247674,40750.703535247674,1.0,3.702288001727959e+17,3.702288001727959e+17,0.0,1.0
