z,DV_PBUF,DV_LCDM,DV_over_rd_PBUF,DV_over_rd_LCDM,DM_PBUF,DM_LCDM,H_PBUF,H_LCDM,alpha_iso,alpha_perp,alpha_parallel
0.1,422.0436755683463,384.7218227976451,3.0320324214625214,2.8824861038961234,397.6714174085669,351.3057923883637,76.31020808350722,78.62057742687989,1.0518810194311998,1.0854132287780454,0.987892378860998
0.3111111111111111,1399.4668066558231,1292.6341936449908,10.054003829880692,9.684920063820886,1194.345265886684,1092.951354901078,83.44247921381579,88.672706869832,1.0381091184674367,1.0478161871627696,1.018963929602141
0.5222222222222223,2409.393583536812,2279.015046212826,17.3094868712571,17.07527052535805,1908.845675020849,1814.595644213207,94.50407924366115,100.91374363842664,1.0137166989858943,1.0086651081467106,1.0238959054135637
0.7333333333333333,3394.939073491116,3179.1984328564595,24.389810665574217,23.819795917990152,2534.7679055468466,2366.233907128281,108.45928869129379,115.09295653095484,1.023930295185844,1.0271563845341976,1.017508482137056
0.9444444444444444,4335.219104916266,4113.184342496127,31.144939827729292,30.81758301047635,3079.51133290021,2917.8721946416463,124.60017587375305,130.9743364623202,1.0106224040068832,1.0119791969085015,1.0079142730517454
1.1555555555555557,5226.3941653496695,4971.315899255088,37.54729065740148,37.24703967525589,3554.642463270032,3365.1038229748046,142.46734861436073,148.35863427313956,1.0080610696786476,1.0128695155511152,0.9985125516875554
1.3666666666666667,6071.09715878019,5806.148733263038,43.61577837763276,43.501933212630924,3971.5679867449485,3775.048294146823,161.7632806868526,167.0852245018736,1.0026170139254587,1.0087778392645235,0.9904080099550868
1.577777777777778,6873.819330676447,6614.319777384345,49.38266884776875,49.557066210574156,4340.115127423327,4149.546643312759,182.29117711549108,187.02653479124254,0.996480877982882,1.0028977175818345,0.9837701066686768
1.788888888888889,7639.188700611112,7364.006572420845,54.881210535216546,55.17401238028429,4668.355850311094,4463.282096948575,203.9166492063753,208.0811143141693,0.9946931203217627,1.0029185406522485,0.978444108342193
2.0,8371.412984876866,8118.052203631423,60.14163237825498,60.82361665243731,4962.791907438087,4776.977181700666,226.54215975946775,230.16751153904193,0.988787508673163,0.9961596405343672,0.9742065147423173
