z,dzdt0,dv10,dv20,dzdt0_LCDM,dv10_LCDM,ratio_dv
0.0,0.0,0.0,0.0,0.0,0.0,
0.020066889632107024,4.137466665877658e-20,0.38373421746169367,0.7674684349233873,2.4410523489804938e-20,0.22639827424938505,1.694952042960354
0.04013377926421405,8.098439828326945e-20,0.7366086746881096,1.4732173493762193,4.8102140032427875e-20,0.43752197176315305,1.6835924187296893
0.06020066889632107,1.1892602429453138e-19,1.0612397209647355,2.122479441929471,7.107774663760405e-20,0.6342642702129044,1.6731822535242409
0.0802675585284281,1.552652498936119e-19,1.359776723279903,2.719553446559806,9.334073391765268e-20,0.8174563039833749,1.6634243526581913
0.10033444816053512,1.8998187499338192e-19,1.6334736379403934,3.2669472758807867,1.148949517992635e-19,0.9878725268032381,1.6535267391495587
0.12040133779264214,2.231809489821599e-19,1.8845521990315561,3.7691043980631123,1.3574467545296028e-19,1.1462354999312694,1.6441230437763947
0.14046822742474918,2.548881829915743e-19,2.1144196233982764,4.228839246796553,1.5589457164282613e-19,1.2932201783311248,1.6350035816228086
0.1605351170568562,2.850960649685e-19,2.3241149619845785,4.648229923969157,1.7534966567897636e-19,1.4294577570845484,1.6258717338557307
0.1806020066889632,3.139069663710867e-19,2.515487171355237,5.030974342710474,1.9411530913470884e-19,1.5555391316635399,1.6171159697314075
0.20066889632107024,3.413422210860482e-19,2.6896230613636476,5.379246122727295,2.1219714846961483e-19,1.6720180183499995,1.6086088976588022
0.22073578595317728,3.674005530201298e-19,2.847362752527598,5.694725505055196,2.296010946795036e-19,1.779413774845793,1.6001689954178056
0.2408026755852843,3.9219254934541906e-19,2.9903449401905533,5.980689880381107,2.4633329407417915e-19,1.878213955784311,1.5921215636702235
0.2608695652173913,4.157320511403418e-19,3.1193780809308573,6.238756161861715,2.624001002650514e-19,1.9688766332922092,1.584344101699691
0.28093645484949836,4.380020795401322e-19,3.2349923411664943,6.4699846823329885,2.7780804742655463e-19,2.051832508838529,1.576635679194746
0.3010033444816054,4.590744123686017e-19,3.3383306051440824,6.676661210288165,2.9256382487850323e-19,2.1274868392484616,1.5691427761420857
0.3210702341137124,4.79008981255786e-19,3.430381480547705,6.86076296109541,3.066742530209448e-19,2.1962211968674703,1.5619471688191293
0.3411371237458194,4.978335264069497e-19,3.51184731982949,7.02369463965898,3.201462606389057e-19,2.2583950813692715,1.5550190260334107
0.3612040133779264,5.155265411907247e-19,3.5830467804484374,7.166093560896875,3.3298686358160065e-19,2.314347398548921,1.548188825366054
0.38127090301003347,5.321770475465473e-19,3.6450370449127814,7.290074089825563,3.452031448093124e-19,2.3643978195814213,1.5416344130946953
0.4013377926421405,5.477975201273045e-19,3.6982979540580008,7.3965959081160015,3.5680223579115313e-19,2.408848032614469,1.535297330502005
0.4214046822742475,5.624214025594896e-19,3.743421819261724,7.486843638523448,3.677912992282763e-19,2.4479828971660047,1.5291862633498914
0.44147157190635455,5.760730141874554e-19,3.7809080844702185,7.561816168940437,3.7817751306972224e-19,2.482071510582645,1.5232873300989958
0.46153846153846156,5.887982199554221e-19,3.811368231712459,7.622736463424918,3.879680557819952e-19,2.5113681947589708,1.5176461339545857
0.4816053511705686,6.005918715159868e-19,3.8350548720321735,7.670109744064347,3.971700928284152e-19,2.5361134103969305,1.5121779871160983
0.5016722408026756,6.114822015963567e-19,3.852417418990981,7.704834837981962,4.0579076431034693e-19,2.5565346052815654,1.5068903863191372
0.5217391304347826,6.215142794143725e-19,3.863986254148342,7.727972508296684,4.138371737194134e-19,2.5728470023474643,1.5018328919764148
0.5418060200668896,6.30730993053847e-19,3.8702507632748766,7.740501526549753,4.213163777476354e-19,2.5852543326958144,1.4970483616747727
0.5618729096989967,6.391281178241292e-19,3.8713898055554665,7.742779611110933,4.282353771010714e-19,2.593949518183284,1.492469216697347
0.5819397993311037,6.467025269226765e-19,3.8675797307453674,7.735159461490735,4.346011082618299e-19,2.5991153077308122,1.4880369944502396
0.6020066889632107,6.535044920997854e-19,3.859303400523354,7.718606801046708,4.404204361431949e-19,2.6009248710839405,1.4838196379409383
0.6220735785953178,6.595877197068468e-19,3.847039814663967,7.694079629327934,4.457001475830314e-19,2.5995423533894657,1.4798911853264967
0.6421404682274248,6.649153584949403e-19,3.8307228373650113,7.661445674730023,4.504469456214227e-19,2.595123393628799,1.4761235811636901
0.6622073578595318,6.695522001285413e-19,3.8108680441029033,7.6217360882058065,4.546674445097155e-19,2.5878156096617464,1.4726196216897471
0.6822742474916388,6.734640733214008e-19,3.7874098650445123,7.5748197300890245,4.583681653995907e-19,2.5777590523797262,1.4692644999337952
0.7023411371237458,6.76742579173594e-19,3.7609847998492794,7.521969599698559,4.615555326625315e-19,2.5650866312415594,1.4662213564416258
0.7224080267558528,6.793219583939565e-19,3.7313353471627573,7.4626706943255146,4.642358707919354e-19,2.549924513263374,1.463312081496649
0.7424749163879599,6.812729466539001e-19,3.6989569639913373,7.397913927982675,4.664154018421603e-19,2.5323924973544227,1.460657053697489
0.7625418060200669,6.826121767651234e-19,3.664032137915138,7.328064275830276,4.68100243360954e-19,2.5126043657298904,1.4582606748160958
0.782608695652174,6.833176055267871e-19,3.626529876593636,7.253059753187272,4.692964067738706e-19,2.490668213987301,1.4560469580923983
0.802675585284281,6.834411896825506e-19,3.586808931251443,7.173617862502886,4.700097961815463e-19,2.466686761303762,1.454099883098105
0.822742474916388,6.829823496019603e-19,3.544939571022231,7.089879142044462,4.702462075329209e-19,2.440757642094414,1.4523931052737864
0.842809364548495,6.819516925159985e-19,3.5010464361271025,7.002092872254205,4.700113281396972e-19,2.4129736803670285,1.4509260770695895
0.862876254180602,6.80346680128701e-19,3.455182035933972,6.910364071867944,4.693107364995083e-19,2.3834231479123167,1.4496720982845317
0.8829431438127091,6.78201927564404e-19,3.4075833164454816,6.815166632890963,4.681499023974294e-19,2.3521900073832662,1.4486853977567509
0.9030100334448161,6.755292215156732e-19,3.358363738914801,6.716727477829602,4.665341872574473e-19,2.319354141237763,1.4479736747414316
0.9230769230769231,6.7233030444154695e-19,3.307582615412228,6.615165230824456,4.644688447175876e-19,2.284991567447722,1.4475250861020525
0.9431438127090301,6.686158178040203e-19,3.2553401351849574,6.510680270369915,4.619590214042322e-19,2.249174642812229,1.4473487621729015
0.9632107023411371,6.643964266206601e-19,3.201732504671137,6.403465009342274,4.590097578830285e-19,2.2119722546527334,1.4474559967633003
0.9832775919732442,6.596925883655391e-19,3.1468987490933924,6.293797498186785,4.556259897655138e-19,2.17345000161356,1.447881822336446
1.0033444816053512,6.545084264790804e-19,3.090895186428234,6.181790372856468,4.518125489522245e-19,2.133670364240814,1.4486282596552875
1.0234113712374582,6.488577252520278e-19,3.033821071148322,6.067642142296644,4.475741649946056e-19,2.0926928659666237,1.4497211322727892
1.0434782608695652,6.427203888149829e-19,2.975614903396817,5.951229806793634,4.429154665595375e-19,2.05057422508329,1.4511129941058116
1.0635451505016722,6.361243112180752e-19,2.916437594800008,5.832875189600016,4.378409829816206e-19,2.007368498252587,1.4528660768258372
1.0836120401337792,6.290871543170076e-19,2.856397398420642,5.712794796841284,4.3235514588970233e-19,1.9631272160594722,1.4550240937284773
1.1036789297658862,6.216204794413874e-19,2.7955710013627897,5.591142002725579,4.2646229089528064e-19,1.9178995110858508,1.4576212075783004
1.1237458193979935,6.1372971368778755e-19,2.7340048659213982,5.4680097318427965,4.2016665933160413e-19,1.8717322389492814,1.460681613015419
1.1438127090301005,6.053730516689988e-19,2.671535275950131,5.343070551900262,4.1347240003327084e-19,1.8246700927226194,1.4641196162556107
1.1638795986622075,5.966095516983707e-19,2.6084455759345877,5.216891151869175,4.063835711471393e-19,1.776755711124075,1.4680946624251114
1.1839464882943145,5.874559512076974e-19,2.544825364851441,5.089650729702882,3.9890414196625703e-19,1.7280297808424512,1.4726744834286274
1.2040133779264215,5.778752618722704e-19,2.4805303607046034,4.961060721409207,3.9103799477932552e-19,1.678531133339228,1.4777982436166661
1.2240802675585285,5.678960178003865e-19,2.415700206161744,4.831400412323488,3.8278892672899615e-19,1.628296836447793,1.4835748323577835
1.2441471571906355,5.575470709971616e-19,2.3504708893887094,4.700941778777419,3.7416065167301713e-19,1.577362281070279,1.4901274853572999
1.2642140468227425,5.467592947225603e-19,2.284564185973125,4.56912837194625,3.6515680204286223e-19,1.5257612632537096,1.4973274266389855
1.2842809364548495,5.356263684420948e-19,2.218385937109132,4.436771874218264,3.557809306950982e-19,1.4735260619099437,1.5054948768491556
1.3043478260869565,5.240819776681767e-19,2.1516709761109767,4.303341952221953,3.4603651275129074e-19,1.420687512427732,1.5145279713440352
1.3244147157190636,5.121967115975209e-19,2.0847205124784707,4.169441024956941,3.3592694742272876e-19,1.367275076409977,1.5247264785607544
1.3444816053511706,4.999198223930991e-19,2.017335809658931,4.034671619317862,3.2545555981672815e-19,1.3133169077552922,1.5360617058581396
1.3645484949832776,4.873046267271578e-19,1.94974124712965,3.8994824942593,3.146256027216793e-19,1.2588399152896812,1.5488397082491465
1.3846153846153846,4.742936282411347e-19,1.8817140116604374,3.763428023320875,3.034402583683845e-19,1.2038698221418183,1.5630543909744818
1.4046822742474916,4.609700630523361e-19,1.8135924105946482,3.6271848211892963,2.9190264016557225e-19,1.1484312220438444,1.5791911398638458
1.4247491638795986,4.4724262043883235e-19,1.7450225164950932,3.4900450329901864,2.8001579440779536e-19,1.0925476327287824,1.5972049769003374
1.4448160535117056,4.332039433873363e-19,1.6763738695840975,3.352747739168195,2.6778270195420434e-19,1.036241546585555,1.6177443136764749
1.4648829431438128,4.1882217628570927e-19,1.6075261248410668,3.2150522496821337,2.5520627987693046e-19,0.9795344787230288,1.6411123444441895
1.4849498327759199,4.040754025073275e-19,1.53840066439126,3.07680132878252,2.422893830780464e-19,0.9224470125856172,1.6677387897643312
1.5050167224080269,3.8902344980927365e-19,1.4692301146082394,2.9384602292164788,2.290348058743159e-19,0.8649988432547581,1.6985341958145534
1.5250836120401339,3.7363311140018604e-19,1.3998911345881935,2.799782269176387,2.1544528354906047e-19,0.8072088185624847,1.7342366713500297
1.5451505016722409,3.578882116174776e-19,1.3303275807078156,2.6606551614156313,2.01523493870718e-19,0.7490949781362574,1.7759130945152783
1.565217391304348,3.4184034120199837e-19,1.2607349941295725,2.521469988259145,1.872720585777513e-19,0.6906745904870808,1.8253675630957713
1.585284280936455,3.254891861463756e-19,1.191112901810209,2.382225803620418,1.726935448297492e-19,0.6319641882466407,1.8847791124286708
1.605351170568562,3.0878559697189283e-19,1.1212835105558998,2.2425670211117996,1.577904666246372e-19,0.5729796016529606,1.9569344306868244
1.625418060200669,2.917631597640734e-19,1.0513726016440412,2.1027452032880825,1.4256528618207496e-19,0.5137359903785639,2.046523158459857
1.645484949832776,2.744389486206828e-19,0.9814430901384833,1.9628861802769666,1.2702041529313605e-19,0.4542478737894924,2.1605892878505886
1.665551839464883,2.5681351169476543e-19,0.9114973417095164,1.8229946834190327,1.1115821663653984e-19,0.39452915971882563,2.310342136330621
1.68561872909699,2.388904574347546e-19,0.8415484319405518,1.6830968638811037,9.4981005061686e-20,0.33459317183328735,2.51513928789873
1.705685618729097,2.206386427773885e-19,0.7714875359885286,1.5429750719770572,7.849104883886136e-20,0.2744526756672662,2.8110038793130387
1.725752508361204,2.0208038549207363e-19,0.7013945892267303,1.4027891784534605,6.169057087705144e-20,0.21411990339443,3.275709441801364
1.745819397993311,1.8322707463455265e-19,0.631309535384516,1.262619070769032,4.458174990976897e-20,0.15360657740293052,4.10991212784142
1.7658862876254182,1.640797371086188e-19,0.5612357151997224,1.1224714303994447,2.716672164943855e-20,0.09292393273680795,6.039732700394117
1.7859531772575252,1.44639503012499e-19,0.49117672359315506,0.9823534471863101,9.447579910832835e-21,0.03208273846244053,15.309688235253946
1.8060200668896322,1.249076054185257e-19,0.42113639983695256,0.8422727996739051,-8.573622295852142e-21,-0.02890668198416589,-14.568825300241548
1.8260869565217392,1.0488539070314609e-19,0.35111885346057436,0.7022377069211487,-2.6894871701727874e-20,-0.09003443141673571,-3.8998286315085005
1.8461538461538463,8.4576095720838e-20,0.2811343621214744,0.5622687242429488,-4.5514193745128917e-20,-0.1512910204349551,-1.858235613146275
1.8662207357859533,6.398153229245825e-20,0.21118821194896148,0.42237642389792296,-6.442965156610412e-20,-0.21266734983063257,-0.9930448285416211
1.8862876254180603,4.310320160660645e-20,0.141284523868736,0.282569047737472,-8.363934502887385e-20,-0.2741546938194537,-0.515345996453301
1.9063545150501673,2.194090983938265e-20,0.07142178741054661,0.14284357482109322,-1.031414097715901e-19,-0.3357446840562677,-0.21272648772177427
1.9264214046822743,4.964635815082312e-22,0.0016050006081101207,0.0032100012162202415,-1.2293401628279217e-19,-0.3974292943943354,-0.004038455722183415
1.9464882943143813,-2.1228074021777578e-20,-0.06816015090219926,-0.13632030180439852,-1.4301536900387958e-19,-0.45920082635089093,0.14843211725868233
1.9665551839464883,-4.323051678907068e-20,-0.13786774294475904,-0.2757354858895181,-1.6338370545701417e-19,-0.5210518952436997,0.2645950320942165
1.9866220735785953,-6.550825785251956e-20,-0.20751067795076447,-0.41502135590152894,-1.8403729539774867e-19,-0.582975416964826,0.3559509919494336
2.0066889632107023,-8.805660774800433e-20,-0.27707549481408017,-0.5541509896281603,-2.049744399917942e-19,-0.6449645953599945,0.4295979915911931
2.0267558528428093,-1.108752796444067e-19,-0.3465628507177227,-0.6931257014354454,-2.2619347101528016e-19,-0.7070129101834163,0.49017895674325934
2.0468227424749164,-1.3396191702451517e-19,-0.415966958921177,-0.831933917842354,-2.476927500778668e-19,-0.7691141055995668,0.5408390717225344
2.0668896321070234,-1.573136364914336e-19,-0.4852805588196231,-0.9705611176392462,-2.694706678681246e-19,-0.8312621792050525,0.5837876075195717
2.0869565217391304,-1.8092598546645935e-19,-0.5544917694596844,-1.1089835389193687,-2.915256434205366e-19,-0.8934513715449309,0.6206177382669107
2.1070234113712374,-2.0479663363590997e-19,-0.6235954790138263,-1.2471909580276526,-3.138561234035551e-19,-0.955676156099395,0.6525175657400929
2.1270903010033444,-2.289229592474751e-19,-0.6925858251458418,-1.3851716502916835,-3.364605814281064e-19,-1.017931229717864,0.680385673340431
2.1471571906354514,-2.5334942267256106e-19,-0.7615986295254266,-1.5231972590508531,-3.5933751737596344e-19,-1.0802115034787594,0.7050458424787569
2.1672240802675584,-2.7803125648664486e-19,-0.8304997417015476,-1.6609994834030952,-3.824854567474332e-19,-1.142512093954444,0.7269067400652501
2.1872909698996654,-3.0296315443531256e-19,-0.8992755209059539,-1.7985510418119077,-4.0590295002779257e-19,-1.2048283148617789,0.746393083407175
2.2073578595317724,-3.2814141956607244e-19,-0.967917414696553,-1.935834829393106,-4.2958857207192504e-19,-1.2671556690797987,0.7638504394645128
2.2274247491638794,-3.535620199870837e-19,-1.0364161015080502,-2.0728322030161004,-4.535409215066362e-19,-1.3294898410169977,0.7795592486176804
2.247491638795987,-3.792402726680922e-19,-1.1048188580990734,-2.209637716198147,-4.777586201501281e-19,-1.391826689311585,0.7937905391407107
2.267558528428094,-4.0521333846687545e-19,-1.1732350456088023,-2.3464700912176046,-5.022403124481201e-19,-1.4541622398489182,0.8068116565388859
2.287625418060201,-4.3142139956988293e-19,-1.2414922816366636,-2.482984563273327,-5.26984664926116e-19,-1.516492679081116,0.8186602538621667
2.307692307692308,-4.578590963689552e-19,-1.3095781294688156,-2.619156258937631,-5.519903656573572e-19,-1.5788143476347094,0.8294693618858682
2.327759197324415,-4.845203882081692e-19,-1.3774785161718628,-2.7549570323437256,-5.772561237459685e-19,-1.6411237341927636,0.8393507981586881
2.347826086956522,-5.114959560589592e-19,-1.445453035013551,-2.890906070027102,-6.027806688248467e-19,-1.703417469638686,0.8485606498565194
2.367892976588629,-5.386986349028081e-19,-1.513255506095372,-3.026511012190744,-6.285627505678607e-19,-1.7656923214495956,0.8570323876432909
2.387959866220736,-5.661177556647449e-19,-1.5808591936069738,-3.1617183872139476,-6.546011382159098e-19,-1.8279451883276354,0.8648285537780717
2.408026755852843,-5.93782022573232e-19,-1.6483472922804137,-3.2966945845608273,-6.808946201164352e-19,-1.8901730950583062,0.8720615570023057
2.42809364548495,-6.217374685589088e-19,-1.7158488720072333,-3.4316977440144667,-7.074420032759638e-19,-1.952373187585345,0.8788529175251377
2.448160535117057,-6.49898962466011e-19,-1.7831301227661982,-3.5662602455323964,-7.342421129252908e-19,-2.0145427282922586,0.8851289663524633
2.468227424749164,-6.782679661504589e-19,-1.8501988566678682,-3.7003977133357364,-7.612937920969398e-19,-2.0766790914811524,0.8909411493849291
2.488294314381271,-7.069583327492323e-19,-1.917367526562021,-3.834735053124042,-7.885959012144709e-19,-2.1387797590397377,0.8964773106992906
2.508361204013378,-7.358418497630163e-19,-1.9842886767444272,-3.9685773534888544,-8.1614731769333235e-19,-2.2008423162881803,0.9016042003822516
2.528428093645485,-7.649284655279969e-19,-2.0509932046506094,-4.101986409301219,-8.439469355528739e-19,-2.262864447997584,0.9063703336121348
2.548494983277592,-7.943309592496098e-19,-2.117785468741422,-4.235570937482844,-8.719936650391627e-19,-2.3248439345723777,0.9109366169694995
2.568561872909699,-8.239144167658929e-19,-2.1843063136075167,-4.368612627215033,-9.00286432258334e-19,-2.3867786483894315,0.915169203093659
2.588628762541806,-8.537322597595226e-19,-2.2507011284196854,-4.501402256839371,-9.288241788200634e-19,-2.4486665502866827,0.9191537852126823
2.608695652173913,-8.838246342615407e-19,-2.3170772643956865,-4.634154528791373,-9.576058614909348e-19,-2.5105056861948594,0.9229524064164341
2.62876254180602,-9.140847330855246e-19,-2.38315656899365,-4.7663131379873,-9.866304518573533e-19,-2.572294183905848,0.9264712348628001
2.648829431438127,-9.4464660208867e-19,-2.4492914952940943,-4.898582990588189,-1.0158969359977288e-18,-2.634030249971731,0.9298646039924487
2.668896321070234,-9.754027332949696e-19,-2.5152039072149264,-5.030407814429853,-1.0454043141636202e-18,-2.695712166728699,0.9330387488168579
2.688963210702341,-1.0063804779729017e-18,-2.580967581174642,-5.161935162349284,-1.0751516004696213e-18,-2.7573382894405096,0.9360358832496919
2.709030100334448,-1.0376246996750147e-18,-2.6466993660775975,-5.293398732155195,-1.1051378225916539e-18,-2.818907043556124,0.9389097707665869
2.729096989966555,-1.0690246274114052e-18,-2.712118750384426,-5.424237500768852,-1.1353620214734749e-18,-2.8804169220767233,0.9415715931945859
2.749163879598662,-1.1007513539796974e-18,-2.777662490028331,-5.555324980056662,-1.1658232510410901e-18,-2.9418664830272343,0.944183737111708
2.769230769230769,-1.1326131750219831e-18,-2.8428474228877665,-5.685694845775533,-1.1965205779248821e-18,-3.0032543470279793,0.9465889646346632
2.789297658862876,-1.1647814769771582e-18,-2.908107149450579,-5.816214298901158,-1.227453081189188e-18,-3.064579194962095,0.948941751686906
2.809364548494983,-1.1971081507312763e-18,-2.9730726519919863,-5.946145303983973,-1.2586198520691003e-18,-3.125839765734607,0.9511276568244954
2.82943143812709,-1.2297105038550573e-18,-3.038038367900432,-6.076076735800864,-1.2900199937143067e-18,-3.1870348541193523,0.9532491820645335
2.849498327759197,-1.262492746024291e-18,-3.1027688744774475,-6.205537748954895,-1.321652620939702e-18,-3.2481633086898913,0.9552379543776427
2.869565217391304,-1.2955349979588733e-18,-3.1674637187656365,-6.334927437531273,-1.3535168599826185e-18,-3.309224029830979,0.9571620688755295
2.8896321070234112,-1.3287626708026483e-18,-3.2319420306591993,-6.4638840613183985,-1.3856118482664395e-18,-3.3702159678271095,0.9589717874201813
2.9096989966555187,-1.3622479616610817e-18,-3.2963818475853937,-6.592763695170787,-1.4179367341704197e-18,-3.431138121024961,0.9607254885445088
2.9297658862876257,-1.395910889775781e-18,-3.360591209260276,-6.721182418520552,-1.450490676805538e-18,-3.4919895340666405,0.9623715009668592
2.9498327759197327,-1.4298445184929682e-18,-3.424796535597421,-6.849593071194842,-1.4832728457961667e-18,-3.552769296190732,0.963979434090887
2.9698996655518397,-1.4639316480459475e-18,-3.4887185871783264,-6.977437174356653,-1.5162824210674149e-18,-3.6134765395983943,0.965474259746008
2.9899665551839467,-1.4983171653032662e-18,-3.552705183695953,-7.105410367391906,-1.5495185926379735e-18,-3.6741104378817897,0.9669565582639836
3.0100334448160537,-1.5328171168666927e-18,-3.6163213614043492,-7.2326427228086985,-1.5829805604182796e-18,-3.7346702045122786,0.9683107646386182
3.0301003344481607,-1.5676567253851823e-18,-3.680101367607427,-7.360202735214854,-1.6166675340138512e-18,-3.7951550913858862,0.9696840521644018
3.0501672240802677,-1.6026151142674359e-18,-3.743526824577357,-7.487053649154714,-1.650578732533673e-18,-3.855564387423831,0.9709413326848021
3.0702341137123748,-1.6378527650566916e-18,-3.8069759947640067,-7.613951989528013,-1.6847133844034113e-18,-3.9158974172256658,0.9721848120988758
3.0903010033444818,-1.6732714521771142e-18,-3.8702213366614493,-7.740442673322899,-1.7190707271833699e-18,-3.9761535397730303,0.9733581205926902
3.1103678929765888,-1.7088913889520075e-18,-3.933312360047979,-7.866624720095958,-1.753650007391066e-18,-4.036332147182015,0.974476880648695
3.130434782608696,-1.7447723885286648e-18,-3.9963883156739657,-7.992776631347931,-1.7884504803282277e-18,-4.096432663501997,0.975577690140156
3.150501672240803,-1.7807799429823547e-18,-4.059142822230963,-8.118285644461926,-1.8234714099121143e-18,-4.156454543559217,0.9765878057107475
3.17056856187291,-1.8171069090943065e-18,-4.122018005882019,-8.244036011764038,-1.8587120685110557e-18,-4.216397271843268,0.97761613532209
3.190635451505017,-1.8535822105454855e-18,-4.1846259131042824,-8.369251826208565,-1.8941717367840713e-18,-4.276260361434807,0.9785713589478965
3.210702341137124,-1.8902602404707105e-18,-4.247092577268165,-8.49418515453633,-1.9298497035244138e-18,-4.336043352972756,0.9794857273178307
3.230769230769231,-1.9272043825082653e-18,-4.309561744915158,-8.619123489830317,-1.9657452655070076e-18,-4.395745813659573,0.980393755144667
3.250836120401338,-1.9642827325545802e-18,-4.371739812658046,-8.743479625316091,-2.001857727339573e-18,-4.455367336302943,0.9812299374366983
3.270903010033445,-2.0016298208502934e-18,-4.433928889618246,-8.867857779236491,-2.0381864013174005e-18,-4.514907538392526,0.9820641623143601
3.290969899665552,-2.0391801016744086e-18,-4.495984306134416,-8.991968612268831,-2.074730607281671e-18,-4.574366061210465,0.9828650016139487
3.311036789297659,-2.0768686561231984e-18,-4.557765461735663,-9.115530923471326,-2.1114896724811363e-18,-4.633742568974088,0.98360351139333
3.331103678929766,-2.1148614895232906e-18,-4.619638785503447,-9.239277571006895,-2.1484629314371903e-18,-4.693036748009861,0.9843602412579575
3.351170568561873,-2.15302380282495e-18,-4.68130990928037,-9.36261981856074,-2.1856497258121335e-18,-4.7522483059571385,0.985072666218252
3.37123745819398,-2.1913289398493604e-18,-4.74272392542282,-9.48544785084564,-2.22304940428059e-18,-4.8113769710006595,0.9857311023452063
3.391304347826087,-2.2299434235259406e-18,-4.8042431195931625,-9.608486239186325,-2.260661322403967e-18,-4.8704224911306575,0.9864119854780542
3.411371237458194,-2.2687235895906212e-18,-4.865557950699744,-9.731115901399487,-2.298484842507905e-18,-4.929384633429572,0.9870517950056129
3.431438127090301,-2.3076503812125795e-18,-4.926630510338539,-9.853261020677078,-2.3365193335625532e-18,-4.9882631833841655,0.987644462455204
3.451505016722408,-2.3468597013366543e-18,-4.9877529078143965,-9.975505815628793,-2.374764171065735e-18,-5.047057944222397,0.9882495828137084
3.471571906354515,-2.386262673130686e-18,-5.0487364309600675,-10.097472861920135,-2.413218736928754e-18,-5.105768736273731,0.9888298298925136
3.491638795986622,-2.4258157166297953e-18,-5.109491148685253,-10.218982297370506,-2.4518824193648986e-18,-5.164395396352285,0.9893686978913713
3.511705685618729,-2.4655908871578536e-18,-5.170171208952185,-10.34034241790437,-2.490754612780503e-18,-5.222937777161789,0.9898971478388399
3.5317725752508364,-2.5056196197454906e-18,-5.230843228691897,-10.461686457383793,-2.5298347176685187e-18,-5.281395746721609,0.9904281897335392
3.5518394648829434,-2.545801086916358e-18,-5.291297750268591,-10.582595500537183,-2.5691221405045313e-18,-5.339769187813015,0.990922559414169
3.5719063545150505,-2.5861371862450932e-18,-5.351541564280038,-10.703083128560076,-2.60861629364513e-18,-5.39805799744493,0.9913827466865103
3.5919732441471575,-2.6267656611293805e-18,-5.411861222460379,-10.823722444920758,-2.648316595228585e-18,-5.4562620863384055,0.9918624026530546
3.6120401337792645,-2.6675775723232668e-18,-5.472032266504062,-10.944064533008124,-2.6882224690777895e-18,-5.514381378429231,0.992320242468026
3.6321070234113715,-2.708546938148665e-18,-5.532003562233495,-11.06400712446699,-2.7283333446053654e-18,-5.57241581038788,0.9927478046273844
3.6521739130434785,-2.749675201838735e-18,-5.5917806294384675,-11.183561258876935,-2.768648656720868e-18,-5.630365331156143,0.9931470340824665
3.6722408026755855,-2.791113406423412e-18,-5.651671814829673,-11.303343629659347,-2.8091678457401346e-18,-5.688229901500049,0.9935730293424437
3.6923076923076925,-2.8327159702242127e-18,-5.711382129437121,-11.422764258874242,-2.8498903572965496e-18,-5.746009493578121,0.9939736674330767
3.7123745819397995,-2.874479425693601e-18,-5.770906922316774,-11.541813844633548,-2.8908156422543235e-18,-5.803704090524716,0.9943489248079537
3.7324414715719065,-2.9164051369768134e-18,-5.830251280555849,-11.660502561111699,-2.9319431566236893e-18,-5.861313686047772,0.994700436257854
3.7525083612040135,-2.958603446613538e-18,-5.88963714659685,-11.7792742931937,-2.9732723614778987e-18,-5.918838284040361,0.9950664072843062
3.7725752508361206,-3.0010003924913155e-18,-5.948917380924589,-11.897834761849179,-3.014802722872081e-18,-5.976277898205706,0.9954218130838041
3.7926421404682276,-3.043561280876279e-18,-6.008024824557449,-12.016049649114898,-3.056533711763822e-18,-6.033632551695039,0.9957558358222534
3.8127090301003346,-3.086287502775037e-18,-6.066964373294008,-12.133928746588015,-3.0984648039354763e-18,-6.090902276757904,0.9960698920494521
3.8327759197324416,-3.129191647812926e-18,-6.125762764239249,-12.251525528478497,-3.1405954799181428e-18,-6.148087114404441,0.9963688949506119
3.8528428093645486,-3.172384722346873e-18,-6.184638157976288,-12.369276315952575,-3.1829252249172756e-18,-6.205187114079234,0.9966884228105997
3.8729096989966556,-3.2157446505597483e-18,-6.2433525935958825,-12.486705187191765,-3.2254535287398397e-18,-6.262202333346216,0.9969899184429161
3.8929765886287626,-3.2592724959484424e-18,-6.30191010775004,-12.60382021550008,-3.268179885723059e-18,-6.319132837584415,0.9972745105575344
3.9130434782608696,-3.3029692939774178e-18,-6.360314617161146,-12.720629234322292,-3.3111037946646486e-18,-6.375978699693986,0.9975432661759689
3.9331103678929766,-3.3468360495532576e-18,-6.418569916217894,-12.837139832435788,-3.3542247587544872e-18,-6.4327399998122266,0.9977971931720004
3.9531772575250836,-3.390969684696494e-18,-6.476862942642904,-12.953725885285808,-3.397542285507743e-18,-6.489416825039224,0.998065483735321
3.9732441471571907,-3.4352969323810673e-18,-6.535053861998474,-13.070107723996948,-3.44105588669939e-18,-6.546009269172823,0.9983263990740218
3.9933110367892977,-3.479794874312724e-18,-6.5931004824625035,-13.186200964925007,-3.484765078300063e-18,-6.602517432452504,0.9985737334151191
4.013377926421405,-3.52446439311471e-18,-6.651006202372539,-13.302012404745078,-3.52866938041326e-18,-6.658941421311957,0.9988083362748887
4.033444816053512,-3.569306233177762e-18,-6.708774106055173,-13.417548212110345,-3.5727683172137845e-18,-6.715281348139912,0.9990309799772512
4.053511705685619,-3.614320971117562e-18,-6.766406914753662,-13.532813829507324,-3.6170614168875025e-18,-6.77153733104912,0.9992423557539979
4.073578595317726,-3.6595748603411986e-18,-6.824029774540712,-13.648059549081424,-3.661548211572299e-18,-6.827709493653056,0.9994610609728248
4.093645484949833,-3.7050402993111605e-18,-6.881591537024335,-13.76318307404867,-3.706228237300199e-18,-6.883797964850072,0.9996794752203647
4.11371237458194,-3.750679108260827e-18,-6.9390222861911175,-13.878044572382235,-3.751101033940707e-18,-6.939802878614861,0.9998875195106551
4.133779264214047,-3.79649198668615e-18,-6.996324847412244,-13.992649694824488,-3.79616614514524e-18,-6.995724373796868,1.00008583437301
4.153846153846154,-3.8424796085048325e-18,-7.053501955102629,-14.107003910205258,-3.841423118292689e-18,-7.051562593925432,1.000275025733852
4.173913043478261,-3.8886426184435394e-18,-7.110556247878649,-14.221112495757298,-3.886871504436055e-18,-7.107317687021476,1.0004556656955248
4.193979933110368,-3.934981633941539e-18,-7.167490273876158,-14.334980547752316,-3.9325108582501514e-18,-7.162989805415467,1.0006282946901988
4.214046822742475,-3.981497243901365e-18,-7.224306490224733,-14.448612980449466,-3.9783407379803e-18,-7.218579105571407,1.0007934227179012
4.234113712374582,-4.028271062305169e-18,-7.2811537702867835,-14.562307540573567,-4.0243607053920816e-18,-7.274085747916758,1.0009716715770156
4.254180602006689,-4.075222377276255e-18,-7.337886427527022,-14.675772855054044,-4.07057032572203e-18,-7.329509896677993,1.0011428500632527
4.274247491638796,-4.122349526303482e-18,-7.3945027881143846,-14.789005576228769,-4.116969167629291e-18,-7.384851719721588,1.001306873686715
4.294314381270903,-4.169652921756409e-18,-7.451004911324688,-14.902009822649376,-4.1635568031482215e-18,-7.440111388400365,1.001464161267976
4.31438127090301,-4.217132839448347e-18,-7.507394582231567,-15.014789164463133,-4.2103328076418896e-18,-7.495289077404863,1.0016150817802607
4.334448160535117,-4.264789760640141e-18,-7.56367392341316,-15.12734784682632,-4.2572967597564754e-18,-7.550384964619703,1.0017600372505147
4.354515050167224,-4.3126242176147675e-18,-7.6198451157782685,-15.239690231556537,-4.304448241376541e-18,-7.6053992309847125,1.0018994249157498
4.374581939799331,-4.360636562819122e-18,-7.675909991104012,-15.351819982208024,-4.351786837581129e-18,-7.660332060360589,1.0020335842651042
4.394648829431438,-4.408827122143274e-18,-7.731870307338918,-15.463740614677835,-4.399312136600714e-18,-7.715183639399097,1.0021628348357914
4.414715719063545,-4.457196194525638e-18,-7.787727749281128,-15.575455498562256,-4.447023729774951e-18,-7.769954157417524,1.002287477056301
4.434782608695652,-4.5057438167811875e-18,-7.843483520547831,-15.686967041095661,-4.4949212115112175e-18,-7.824643806277291,1.002407740816959
4.454849498327759,-4.554522438516698e-18,-7.899229710249082,-15.798459420498164,-4.5430041792439025e-18,-7.879252780266572,1.0025353838161584
4.474916387959866,-4.603478579081924e-18,-7.954874008445328,-15.909748016890656,-4.591272233394524e-18,-7.933781275986874,1.002658597675524
4.494983277591974,-4.652611557097407e-18,-8.010416358282773,-16.020832716565547,-4.639724977332474e-18,-7.988229492243235,1.0027774447468094
4.51505016722408,-4.7019215133394375e-18,-8.065858114092881,-16.131716228185763,-4.688362017336576e-18,-8.042597629938177,1.002892160620857
4.535117056856188,-4.751408559875725e-18,-8.12120056149798,-16.24240112299596,-4.737182962557311e-18,-8.096885891969126,1.0030029655664248
4.555183946488294,-4.8010727817098214e-18,-8.176444921452806,-16.35288984290561,-4.786187424979704e-18,-8.151094483129178,1.0031100655716967
4.575250836120402,-4.85091420424428e-18,-8.23159229619598,-16.46318459239196,-4.835375019386947e-18,-8.205223610011247,1.0032136462621886
4.595317725752508,-4.900932728847411e-18,-8.286643562433179,-16.573287124866358,-4.884745363324604e-18,-8.259273480915272,1.0033138606659715
4.615384615384616,-4.951128364109474e-18,-8.341599764984453,-16.683199529968906,-4.9342980770655246e-18,-8.313244305758609,1.0034108776529282
4.635451505016722,-5.0015012402143974e-18,-8.396462137918194,-16.792924275836388,-4.9840327835753365e-18,-8.367136295989292,1.0035048839760097
4.65551839464883,-5.0520513013924705e-18,-8.451231586718771,-16.902463173437543,-5.033949108478584e-18,-8.420949664502235,1.0035960222330016
4.6755852842809364,-5.1027784623775456e-18,-8.50590895489654,-17.01181790979308,-5.084046680025437e-18,-8.474684625558178,1.0036844237535631
4.695652173913044,-5.153682610540015e-18,-8.560495028622523,-17.120990057245045,-5.134325129059021e-18,-8.528341394705333,1.0037702095201244
4.7157190635451505,-5.204763604338443e-18,-8.614990535172096,-17.22998107034419,-5.184784088983288e-18,-8.581920188703618,1.0038534903309877
4.735785953177258,-5.2560212735173846e-18,-8.669396144281494,-17.33879228856299,-5.235423195731476e-18,-8.635421225451443,1.0039343672929255
4.7558528428093645,-5.307455419938023e-18,-8.723712470516132,-17.447424941032263,-5.286242087735082e-18,-8.68884472391485,1.0040129324103715
4.775919732441472,-5.3590658165829315e-18,-8.777940072598819,-17.555880145197637,-5.3372404058934244e-18,-8.742190904059122,1.00408926880367
4.7959866220735785,-5.410852207031879e-18,-8.832079453520818,-17.664158907041635,-5.3884177935436744e-18,-8.795459986782571,1.0041634510069146
4.816053511705686,-5.462814255326077e-18,-8.88613097994954,-17.77226195989908,-5.439773896431455e-18,-8.848652193852605,1.004235536133172
4.8361204013377925,-5.514951584837136e-18,-8.940094947581354,-17.880189895162708,-5.491308362681876e-18,-8.90176774784384,1.004305571749701
4.8561872909699,-5.567263919352124e-18,-8.993971810281874,-17.987943620563748,-5.543020842771141e-18,-8.954806872078398,1.0043736217612458
4.8762541806020065,-5.6197509142799905e-18,-9.04776190562875,-18.0955238112575,-5.594910989498565e-18,-9.007769790568101,1.0044397354717618
4.896321070234114,-5.672412047742494e-18,-9.101465282144327,-18.202930564288653,-5.646978457959119e-18,-9.060656727958667,1.004503928954701
4.916387959866221,-5.725246950954024e-18,-9.155082232498799,-18.310164464997598,-5.699222905516383e-18,-9.113467909475721,1.0045662445335226
4.936454849498328,-5.7782552511897565e-18,-9.208613039127327,-18.417226078254654,-5.751643991776003e-18,-9.166203560872686,1.004626722281804
4.956521739130435,-5.8314364577638336e-18,-9.26205779330185,-18.5241155866037,-5.8042413785595476e-18,-9.218863908380381,1.0046853804710365
4.976588628762542,-5.884790049828002e-18,-9.315416537322479,-18.630833074644958,-5.8570147298788244e-18,-9.271449178658331,1.004742231534349
4.996655518394649,-5.938315476505268e-18,-9.36868926554774,-18.73737853109548,-5.909963711910605e-18,-9.323959598747741,1.0047972823483713
5.016722408026756,-5.992012157325381e-18,-9.421875925878805,-18.84375185175761,-5.963087992971774e-18,-9.376395396026034,1.0048505345531873
5.036789297658863,-6.04587948098839e-18,-9.474976418593917,-18.949952837187833,-6.016387243494878e-18,-9.42875679816296,1.0049019845797658
5.05685618729097,-6.099916805383483e-18,-9.527990597166687,-19.055981194333373,-6.069861136004073e-18,-9.481044033078168,1.004951623884957
5.076923076923077,-6.154123458661992e-18,-9.580918270709393,-19.161836541418786,-6.1235093450914686e-18,-9.53325732890028,1.0049994393484616
5.096989966555184,-6.208498737220961e-18,-9.633759201574065,-19.26751840314813,-6.177331547393857e-18,-9.585396913927298,1.005045413150967
5.117056856187291,-6.263041906675055e-18,-9.686513107622659,-19.373026215245318,-6.231327421569768e-18,-9.637463016588386,1.005089523140047
5.137123745819398,-6.317752202467873e-18,-9.739179663896772,-19.478359327793545,-6.2854966482769885e-18,-9.689455865407037,1.0051317431216398
5.157190635451506,-6.372628826750474e-18,-9.791758498519188,-19.583516997038377,-6.3398389101503516e-18,-9.741375688965427,1.0051720425494761
5.177257525083612,-6.4276709504733e-18,-9.844249196659815,-19.68849839331963,-6.39435389177988e-18,-9.79322271586997,1.0052103870472748
5.19732441471572,-6.482877700431494e-18,-9.896651281454691,-19.793302562909382,-6.449041279689376e-18,-9.844997174718259,1.0052467365728737
5.217391304347826,-6.5383059635186655e-18,-9.949052173193774,-19.898104346387548,-6.5039007623152024e-18,-9.896699294066918,1.0052899332970784
5.237458193979934,-6.593904582325353e-18,-10.001374289851686,-20.002748579703372,-6.5589320299855086e-18,-9.948329302400735,1.0053320498184706
5.25752508361204,-6.6496685598789825e-18,-10.05361083438047,-20.10722166876094,-6.6141347748997224e-18,-9.99988742810283,1.0053724011059024
5.277591973244148,-6.705597029998277e-18,-10.10576132200695,-20.2115226440139,-6.669508691108385e-18,-10.051373899425869,1.0054109441281642
5.297658862876254,-6.7616890395503735e-18,-10.15782514351267,-20.31565028702534,-6.72505347449329e-18,-10.102788944464333,1.0054476243491648
5.317725752508362,-6.817943574297361e-18,-10.20980160591517,-20.41960321183034,-6.78076882274793e-18,-10.154132791127717,1.0054823800252144
5.337792642140468,-6.874359581576893e-18,-10.261689967650549,-20.523379935301097,-6.836654435358222e-18,-10.205405667114704,1.0055151458326848
5.357859531772576,-6.9309359753631875e-18,-10.31348944687106,-20.62697889374212,-6.8927100135835824e-18,-10.25660779988834,1.005545853764959
5.377926421404682,-6.987671636371597e-18,-10.36519922223397,-20.73039844446794,-6.948935260438205e-18,-10.307739416651945,1.0055744332738177
5.39799331103679,-7.044565411959224e-18,-10.416818433373964,-20.833636866747927,-7.005329880672718e-18,-10.358800744326082,1.0056008113757435
5.418060200668896,-7.101616116039257e-18,-10.468346181386904,-20.936692362773808,-7.061893580756024e-18,-10.409792009526209,1.0056249127559045
5.438127090301004,-7.158822528482994e-18,-10.519781528551729,-21.039563057103457,-7.1186260688575e-18,-10.460713438541255,1.0056466597959604
5.45819397993311,-7.216245581776896e-18,-10.571214597343259,-21.142429194686517,-7.175527054829376e-18,-10.511565257312903,1.0056746391779148
5.478260869565218,-7.273864548926963e-18,-10.62261513962111,-21.24523027924222,-7.23259625018946e-18,-10.56234769141573,1.00570587619023
5.498327759197324,-7.331639346525635e-18,-10.673925100419243,-21.347850200838487,-7.28983336810405e-18,-10.613060966038002,1.0057348331999607
5.518394648829432,-7.38956865507119e-18,-10.725143401192259,-21.450286802384518,-7.347238123371158e-18,-10.663705305963253,1.005761420956996
5.538461538461538,-7.44765100859465e-18,-10.7762687647066,-21.5525375294132,-7.404810232403896e-18,-10.71428093555249,1.0057855333014856
5.558528428093646,-7.505885048892778e-18,-10.827300084813263,-21.654600169626526,-7.46254941321423e-18,-10.764788078727188,1.005807081907131
5.578595317725752,-7.56426943353686e-18,-10.87823629154521,-21.75647258309042,-7.52045538539683e-18,-10.815226958952794,1.0058259833872703
5.59866220735786,-7.622802703412486e-18,-10.92907616065438,-21.85815232130876,-7.57852787011327e-18,-10.86559779922299,1.0058421416478283
5.618729096989966,-7.681483361767215e-18,-10.97981842894025,-21.9596368578805,-7.636766590076384e-18,-10.915900822044499,1.0058554587420463
5.638795986622074,-7.74039224540118e-18,-11.03057917932127,-22.06115835864254,-7.695171269534884e-18,-10.966136249422503,1.0058765392325086
5.65886287625418,-7.799498605010357e-18,-11.081314556935512,-22.162629113871024,-7.753741634258183e-18,-11.016304302846663,1.0059012761722685
5.678929765886288,-7.858751936975898e-18,-11.131953251904745,-22.26390650380949,-7.81247741152144e-18,-11.06640520327766,1.0059231563839424
5.698996655518394,-7.91815061326989e-18,-11.182493833869492,-22.364987667738983,-7.871378330090798e-18,-11.116439171134273,1.005942070272533
5.719063545150502,-7.977692967641626e-18,-11.232934835738348,-22.465869671476696,-7.930444120208889e-18,-11.166406426281073,1.005957906860769
5.739130434782608,-8.037377337763431e-18,-11.283274813401311,-22.566549626802622,-7.989674513580442e-18,-11.216307188016458,1.0059705591387869
5.759197324414716,-8.097202058921005e-18,-11.333512336557103,-22.667024673114206,-8.049069243358222e-18,-11.266141675061384,1.0059799231572641
5.7792642140468224,-8.157183832232335e-18,-11.383671622082447,-22.767343244164895,-8.108628044129043e-18,-11.315910105548372,1.0059881632057903
5.79933110367893,-8.217443367104751e-18,-11.433921320261973,-22.867842640523946,-8.16835065190006e-18,-11.365612697011157,1.0060101135831225
5.819397993311037,-8.277842420107316e-18,-11.484068844192374,-22.968137688384747,-8.228236804085193e-18,-11.415249666374631,1.0060287054448278
5.839464882943144,-8.338379171706507e-18,-11.534112576326327,-23.068225152652655,-8.288286239491794e-18,-11.464821229945333,1.006043822663367
5.859531772575251,-8.399051763752166e-18,-11.584050864783993,-23.168101729567987,-8.348498698307456e-18,-11.514327603402323,1.0060553480657497
5.879598662207358,-8.459858257809834e-18,-11.633881966552925,-23.26776393310585,-8.40887392208701e-18,-11.56376900178843,1.006063158538851
5.899665551839465,-8.520796651395655e-18,-11.68360407107439,-23.36720814214878,-8.469411653739731e-18,-11.613145639501967,1.0060671271815242
5.919732441471572,-8.581956127524092e-18,-11.733340058557557,-23.466680117115114,-8.530111637516658e-18,-11.662457730288747,1.006077820808278
5.939799331103679,-8.643337138372667e-18,-11.783090425006119,-23.566180850012238,-8.590973618998139e-18,-11.711705487234525,1.006095178695315
5.959866220735786,-8.704848899102409e-18,-11.832731639810634,-23.665463279621267,-8.651997345081507e-18,-11.760889122757778,1.0061085957280083
5.979933110367893,-8.766489361222893e-18,-11.882261867822601,-23.764523735645202,-8.713182563968987e-18,-11.81000884860289,1.006117947932635
6.0,-8.828256435472238e-18,-11.931679239832823,-23.863358479665646,-8.774529025155647e-18,-11.859064875833534,1.0061231104441686
