z,a,D,f,sigma8_z,f_sigma8
0.0,1.0,1.0,0.5449214389040783,0.6734529112019655,0.3669789294063155
0.016722408026755852,0.9835526315789473,0.9909248089998979,0.5564739879588985,0.6673411974032328,0.3713580174482435
0.033444816053511704,0.9676375404530745,0.9818627648424183,0.5698349444998692,0.6612383373839374,0.37679671128436176
0.05016722408026755,0.9522292993630573,0.9728206865048926,0.582939648742539,0.6551489234042146,0.38191228328330545
0.06688963210702341,0.9373040752351097,0.9638051074977282,0.5957993244584975,0.6490773554756684,0.3867198499137112
0.08361204013377926,0.9228395061728396,0.9548222268691365,0.6083865516917294,0.6430278083653636,0.3912094709732937
0.1003344481605351,0.9088145896656535,0.9458782685329132,0.6206903531281239,0.6370044735861649,0.39538253165439136
0.11705685618729096,0.8952095808383235,0.9369790906505419,0.6327121543149485,0.6310112963339778,0.39924851670053946
0.13377926421404682,0.8820058997050149,0.9281301161876653,0.6444479874501545,0.6250519287208016,0.40281345751595804
0.15050167224080266,0.869186046511628,0.9193365568307938,0.655883123776986,0.6191298805720893,0.4060768400932942
0.16722408026755853,0.8567335243553009,0.9106033701525259,0.6670110697955777,0.6132484905795396,0.40904353175198194
0.18394648829431437,0.8446327683615819,0.9019349341090315,0.67784970429326,0.6074107070904802,0.41173316818584194
0.2006688963210702,0.8328690807799444,0.8933342068483622,0.6883782996765622,0.6016185222783283,0.4141411354198816
0.21739130434782608,0.8214285714285714,0.8848062747041217,0.6986003132797213,0.5958753615492567,0.4162787142539779
0.23411371237458192,0.8102981029810298,0.8763539351544651,0.7085238515468678,0.590183108873073,0.4181588094166541
0.2508361204013378,0.7994652406417112,0.8679802031124949,0.7181489979028077,0.584543794651783,0.41978954035948257
0.26755852842809363,0.7889182058047494,0.8596879884671603,0.7274748569509533,0.5789593785585708,0.4211783910973091
0.2842809364548495,0.7786458333333333,0.8514797418673427,0.7364980487468269,0.57343151099006,0.4223311889341238
0.3010033444816053,0.768637532133676,0.8433575848489662,0.745227251088848,0.5679616207007949,0.4232604773188204
0.3177257525083612,0.7588832487309645,0.8353236676761895,0.753679488758512,0.562551155792433,0.4239832674981509
0.33444816053511706,0.7493734335839599,0.8273793603860283,0.76184579410773,0.557201038920391,0.42450126797395743
0.3511705685618729,0.7400990099009901,0.8195261909681179,0.7697331819718879,0.5519122991137368,0.42482521016623703
0.36789297658862874,0.7310513447432763,0.8117654156266942,0.7773495435542861,0.5466857823668707,0.42496594339050475
0.3846153846153846,0.7222222222222222,0.8040979769648845,0.7847018250603562,0.5415221234786125,0.4249333986042268
0.4013377926421404,0.7136038186157518,0.7965246175680009,0.791796977248895,0.5364218225452024,0.42473717762163443
0.4180602006688963,0.7051886792452831,0.7890459141154457,0.7986402548941888,0.531385267933063,0.4243856658290782
0.43478260869565216,0.696969696969697,0.7816623394544066,0.8052349279756865,0.5264127780825091,0.4238859554447503
0.451505016722408,0.6889400921658987,0.7743741005144495,0.8115972451329541,0.5215044923508595,0.42325160931641725
0.46822742474916385,0.6810933940774488,0.7671812127678087,0.817727801687903,0.5166604211579353,0.42248759041262457
0.4849498327759197,0.6734234234234234,0.7600836910387503,0.8236286017605448,0.5118805744871817,0.42159948183326185
0.5016722408026756,0.665924276169265,0.7530814576468856,0.8293121627226614,0.5071649000245148,0.42059802009635266
0.5183946488294314,0.6585903083700441,0.7461741324378525,0.8347857325059979,0.5025131417538727,0.419490801132897
0.5351170568561873,0.6514161220043573,0.7393612690156254,0.8400578295413943,0.4979249990485525,0.41828579397512783
0.5518394648829431,0.644396551724138,0.7326422921320264,0.8451355530749952,0.493400084505994,0.4169899533062226
0.568561872909699,0.6375266524520256,0.7260165290828601,0.850023185413678,0.48893794509159855,0.4156085895563786
0.5852842809364548,0.6308016877637131,0.7194832485998993,0.8547230693619334,0.48453808833064965,0.4141458820807365
0.6020066889632106,0.6242171189979123,0.7130424397477235,0.8592448802216952,0.48020050685865645,0.41260982699816356
0.6187290969899665,0.6177685950413224,0.7066925259031978,0.8636023219068439,0.47592413889417895,0.4110091914005282
0.6354515050167224,0.6114519427402862,0.7004324422863014,0.8677953456531329,0.47170826735801236,0.40934623891938676
0.6521739130434783,0.6052631578947368,0.6942619501892673,0.8718288166383372,0.467552731491716,0.407625944612445
0.6688963210702341,0.5991983967935872,0.6881797364432101,0.8757118739319313,0.46345664693788113,0.40585448877618135
0.68561872909699,0.5932539682539683,0.6821841273409219,0.8794504216676285,0.4594188865335162,0.4040361334839732
0.7023411371237458,0.587426326129666,0.6762756786801113,0.8830423203394349,0.45543982458220594,0.4021726394740563
0.7190635451505016,0.5817120622568094,0.6704515021626003,0.8865058853807608,0.45151751595113404,0.40027293524318186
0.7357859531772575,0.5761078998073218,0.6647118523915382,0.8898368522605201,0.44765213210353255,0.39833736413871795
0.7525083612040133,0.5706106870229007,0.6590544902971478,0.8930423445234023,0.4438421651313417,0.3963698477472365
0.7692307692307692,0.5652173913043479,0.6534793358363308,0.8961268280087699,0.44008756112930386,0.3943742702009187
0.785953177257525,0.5599250936329588,0.6479839583952534,0.8991039612545191,0.43638668319345664,0.3923569954979577
0.8026755852842808,0.5547309833024119,0.6425687599031902,0.901965547108872,0.4327398020042402,0.3903163922705395
0.8193979933110368,0.5496323529411764,0.63723084722153,0.904720808977773,0.4291449691690343,0.38825638367535015
0.8361204013377926,0.5446265938069217,0.631970502333268,0.907372574190973,0.42560237459010786,0.3861799222136169
0.8528428093645485,0.5397111913357401,0.6267857173783348,0.909929028359562,0.4221106660682519,0.384090748235692
0.8695652173913043,0.5348837209302326,0.6216748534065895,0.912392128291884,0.4186687398477228,0.3819900625989449
0.8862876254180602,0.5301418439716312,0.6166383623376945,0.914761042398526,0.4152769002751328,0.3798791301797092
0.903010033444816,0.5254833040421794,0.611673635367595,0.9170477997809564,0.4119333904437964,0.37776260936279316
0.9197324414715718,0.5209059233449477,0.6067794388586929,0.9192547982017589,0.40863737955688173,0.3756418718822569
0.9364548494983277,0.5164075993091538,0.601955392966302,0.9213770467789169,0.4053886118068792,0.3735157619444271
0.9531772575250835,0.511986301369863,0.5972003054061218,0.9234196300415479,0.4021862842464556,0.37138670980664684
0.9698996655518394,0.5076400679117148,0.5925124054820543,0.9253926203655335,0.39902920439516887,0.3692586810576194
0.9866220735785953,0.5033670033670034,0.5878905933756623,0.9272991945266659,0.3959166315770907,0.36713317356114694
1.0033444816053512,0.49916527545909845,0.5833337891032462,0.929136271042407,0.3928478384740545,0.3650091757268529
1.020066889632107,0.4950331125827815,0.5788417436138543,0.9309045670427891,0.3898226573619719,0.362887692075016
1.0367892976588629,0.49096880131362897,0.5744126201014382,0.9326131858617729,0.3868398512384622,0.3607719460817965
1.0535117056856187,0.48697068403908794,0.5700452340829366,0.9342641481741271,0.38389862240995953,0.3586627194510617
1.0702341137123745,0.4830371567043618,0.5657385416196824,0.9358562662032127,0.38099826783292945,0.35655961636401695
1.0869565217391304,0.4791666666666667,0.5614915246190205,0.9373916814531489,0.3781381018699094,0.3544635111333365
1.1036789297658862,0.47535771065182836,0.5573031582021833,0.9388762232473102,0.3753174343133099,0.35237661524695085
1.120401337792642,0.471608832807571,0.5531724224653157,0.9403118091678818,0.3725355783059104,0.3502996036162337
1.137123745819398,0.4679186228482003,0.5490983120567505,0.9416982238092518,0.3697918567907039,0.3482323347189311
1.1538461538461537,0.4642857142857143,0.5450798507011974,0.943034079301853,0.36708561229225406,0.3461742424129828
1.1705685618729096,0.4607087827426811,0.5411160684456889,0.9443258792761364,0.3644161915929112,0.34412764054843686
1.1872909698996654,0.45718654434250766,0.5372059908233355,0.9455768560843172,0.36178293843511167,0.34209357351041897
1.2040133779264213,0.4537177541729894,0.5333486548673059,0.9467881811498882,0.35918520430603945,0.34007230628086604
1.220735785953177,0.45030120481927716,0.5295431209179099,0.9479567927540168,0.35662235638914086,0.3380625851870299
1.237458193979933,0.44693572496263084,0.5257884763567152,0.9490849733651517,0.35409378007887565,0.3360650858349256
1.254180602006689,0.4436201780415431,0.5220838052695612,0.9501776672521437,0.3515988585501861,0.3340813832257322
1.2709030100334449,0.44035346097201766,0.5184281992323319,0.951236591642094,0.34913698002220644,0.3321118708925375
1.2876254180602007,0.43713450292397654,0.5148207647415305,0.9522614784582858,0.3467075427624059,0.33015623726356796
1.3043478260869565,0.4339622641509434,0.5112606336616816,0.9532507897893391,0.3443099621224211,0.3282137433255353
1.3210702341137124,0.43083573487031707,0.5077469500085334,0.9542092616830867,0.34194366163716566,0.32628580890801107
1.3377926421404682,0.42775393419170243,0.5042788571321853,0.955139868670922,0.33960806439327024,0.3243732020241742
1.354515050167224,0.42471590909090906,0.5008555122594026,0.9560432306160924,0.3373026028226464,0.32247587009777956
1.37123745819398,0.4217207334273625,0.49747672209406396,0.9569161330996195,0.3350271467494585,0.32059288175089057
1.3879598662207357,0.4187675070028012,0.4941414073130218,0.9577582082962094,0.33278096930039075,0.31872370491221813
1.4046822742474916,0.41585535465924894,0.49084849565788763,0.9585751072233251,0.33056334835990975,0.31686979709820184
1.4214046822742474,0.4129834254143646,0.48759719711942856,0.9593692674979519,0.3283737518939978,0.3150316858200989
1.4381270903010033,0.4101508916323731,0.4843867334508756,0.9601418940666274,0.32621165579010264,0.31320947705691987
1.4548494983277591,0.4073569482288829,0.481216819026484,0.9608900661635319,0.324076867692735,0.3114022428393423
1.471571906354515,0.4046008119079838,0.4780870983922982,0.9616110864329961,0.32196914822039374,0.3096091024181192
1.4882943143812708,0.4018817204301075,0.4749960466874317,0.9623120415021996,0.31988747045107563,0.30783156474074913
1.5050167224080266,0.3991989319092123,0.47194293673998156,0.9629950445130675,0.31783134466874563,0.3060700099069268
1.5217391304347825,0.3965517241379311,0.4689275148901546,0.9636592849848606,0.31580060004547766,0.30432418043761494
1.5384615384615383,0.393939393939394,0.4659497519965744,0.9643015187562505,0.3137952169559269,0.3025932042890474
1.5551839464882942,0.3913612565445026,0.4630078952227213,0.9649238981015489,0.31181401494723626,0.3008767947855818
1.57190635451505,0.38881664499349805,0.4601012754623294,0.9655298587027686,0.3098565434078432,0.29917574457470314
1.5886287625418059,0.38630490956072355,0.45723071320887476,0.9661171310306267,0.30792335490146766,0.2974900282147314
1.6053511705685617,0.38382541720154045,0.4543944077308993,0.9666898267069309,0.30601323672026703,0.295819882775142
1.6220735785953178,0.38137755102040816,0.45159142893189036,0.9672486605163226,0.30412556248803707,0.294165042945327
1.6387959866220736,0.37896070975918883,0.4488226287273516,0.9677867817342096,0.30226090592975385,0.2925241093938232
1.6555183946488294,0.3765743073047859,0.44608643446084356,0.9683092535572936,0.3004182079353599,0.29089773068090813
1.6722408026755853,0.37421777221526914,0.4433817739737948,0.9688205581753201,0.29859674645654394,0.2892866665713634
1.6889632107023411,0.3718905472636816,0.440710041032184,0.9693158486691972,0.29679746012906194,0.2876904819478639
1.705685618729097,0.3695920889987639,0.43806880141959814,0.9698009770627997,0.2950187096227841,0.2861094328439824
1.7224080267558528,0.36732186732186733,0.4354581359827877,0.9702724595684078,0.2932605493841897,0.28454263454538026
1.7391304347826086,0.3650793650793651,0.4328782075881531,0.970726954334391,0.29152308909613045,0.28298932039644004
1.7558528428093645,0.3628640776699029,0.43032702554800417,0.9711720807729707,0.289804988124186,0.28145051333495175
1.7725752508361203,0.36067551266586245,0.4278061402213399,0.9716032447379142,0.28810729056213763,0.27992597834282196
1.7892976588628762,0.35851318944844124,0.42531319518304556,0.9720265008353942,0.2864284094686318,0.27841600459564164
1.806020066889632,0.35637663885578075,0.42284883251835365,0.9724382645117257,0.2847687772578376,0.2769200555437378
1.8227424749163879,0.3542654028436019,0.42041218152907733,0.9728377417417627,0.2831278075555263,0.2754374169266146
1.8394648829431437,0.35217903415783275,0.4180026569614835,0.9732257768811426,0.28150510622086755,0.2739680256978124
1.8561872909698995,0.35011709601873536,0.4156204443940242,0.9736033386263567,0.2799007982322102,0.2725123516430621
1.8729096989966554,0.34807916181606524,0.41326412759195197,0.9739742789583217,0.27831392982214054,0.27107060912257624
1.8896321070234112,0.3460648148148148,0.4109345371045201,0.9743350244324411,0.27674506032647117,0.2696424051147497
1.906354515050167,0.3440736478711162,0.40862983463214253,0.974689348730151,0.27519295173699415,0.2682276389036587
1.923076923076923,0.34210526315789475,0.40635111428272425,0.9750304736492709,0.2736583408838632,0.2668252217300668
1.9397993311036787,0.34015927189988626,0.4040965036527702,0.975363773981946,0.27213996679149377,0.2654354650610728
1.9565217391304346,0.3382352941176471,0.4018669807265723,0.9756874266567096,0.27063848808625424,0.26405856999513994
1.9732441471571907,0.3363329583802025,0.3996609878854342,0.9760057904100867,0.2691528557852991,0.26269474575186297
1.9899665551839465,0.3344519015659955,0.39747902598315876,0.9763165321181991,0.26768340719007994,0.26134373581340264
2.0066889632107023,0.3325917686318131,0.39532020996258416,0.9766208681557266,0.26622954625627454,0.260005330593508
2.023411371237458,0.3307522123893806,0.3931842288587064,0.9769167316649234,0.26479106356359566,0.2586788203906269
2.040133779264214,0.32893289328932895,0.3910712103856951,0.9772026079937599,0.2633680451215227,0.2573639405549702
2.0568561872909696,0.32713347921225383,0.3889797025214324,0.9774842841933095,0.26195951306153314,0.2560613071125806
2.0735785953177257,0.3253536452665941,0.3869111487916672,0.9777572563355649,0.2605664395302451,0.25477072700821934
2.0903010033444813,0.3235930735930736,0.38486326965018164,0.97802767186729,0.25918728936062185,0.2534923411909626
2.1070234113712374,0.3218514531754575,0.3828372485970645,0.9782907364782198,0.25782285958424367,0.2522257151835904
2.123745819397993,0.3201284796573876,0.38083194223057293,0.9785474996997595,0.2564723801738781,0.25097040636119455
2.140468227424749,0.3184238551650692,0.378846833947152,0.9787977750135264,0.25513550322135714,0.24972606288002075
2.157190635451505,0.3167372881355932,0.37688287763448725,0.9790394325339992,0.2538128711251196,0.24849280931616213
2.1739130434782608,0.31506849315068497,0.374938194098572,0.979278798576897,0.2525032183364909,0.24727104828935875
2.190635451505017,0.3134171907756813,0.37301354160710337,0.9795128081227922,0.2512070555130592,0.24606052836585476
2.2073578595317724,0.31178310740354537,0.37110846844027595,0.9797419961242626,0.24992407844280656,0.2448611154930721
2.2240802675585285,0.31016597510373445,0.36922188253504207,0.9799682899134126,0.2486535516726942,0.2436725958135865
2.240802675585284,0.3085655314757482,0.3673548621904641,0.9801855991520401,0.2473962013863649,0.24249419388383284
2.25752508361204,0.30698151950718683,0.36550623733024734,0.980397355157581,0.24615123959253157,0.241326024265278
2.274247491638796,0.3054136874361594,0.3636753617499094,0.9806065542489638,0.2449182311029044,0.24016842267457048
2.290969899665552,0.30386178861788615,0.36186331268975136,0.9808097395838443,0.24369790138810019,0.23902127519759192
2.3076923076923075,0.3023255813953489,0.3600688241544926,0.9810102203316575,0.24248939785991164,0.23788457762264287
2.3244147157190636,0.30080482897384303,0.35829137035520864,0.9812088849780394,0.24129236642425686,0.23675821381285758
2.341137123745819,0.2992992992992993,0.3565317347607265,0.9814013979273947,0.24010733471049828,0.23564167393750385
2.3578595317725752,0.29780876494023906,0.35478916116371206,0.9815879853459745,0.23893379344860521,0.2345345409422876
2.374581939799331,0.29633300297324083,0.3530629497369819,0.9817710785974005,0.23777127133792367,0.2334369575209085
2.391304347826087,0.2948717948717949,0.35135331563806715,0.9819507373303776,0.2366199132769194,0.23234909830932102
2.4080267558528425,0.2934249263984299,0.34966056046654553,0.9821257793840663,0.23547992237870596,0.23127090229548602
2.4247491638795986,0.2919921875,0.34798351884399564,0.9822992533844062,0.2343505138157929,0.2302023347515053
2.441471571906354,0.2905733722060253,0.3463219933694908,0.982471061389631,0.2332315546479514,0.22914325304452654
2.4581939799331103,0.28916827852998067,0.3446766179932142,0.9826374606228419,0.23212347181077786,0.22809321889110057
2.474916387959866,0.287776708373436,0.3430467563665448,0.9827985522462285,0.231025836753441,0.2270518578927553
2.491638795986622,0.2863984674329502,0.34143180759957176,0.9829564971761343,0.22993824480488095,0.22601929168023424
2.508361204013378,0.28503336510962823,0.33983158723922563,0.9831126296147399,0.2288605717446412,0.22499571850300704
2.5250836120401337,0.2836812144212524,0.3382466809704211,0.9832649032578903,0.22779321200393254,0.22398107056385083
2.5418060200668897,0.2823418319169027,0.3366764497633244,0.9834147882520994,0.2267357352262531,0.22297527504670975
2.5585284280936453,0.281015037593985,0.3351203714110498,0.9835633247616696,0.2256877897298554,0.22197823282480916
2.5752508361204014,0.27970065481758655,0.33357827130471307,0.9837098446486316,0.22464925792387808,0.2209896866127285
2.591973244147157,0.2783985102420857,0.3320502593140439,0.9838519909599245,0.22362021380041044,0.2200091925664178
2.608695652173913,0.27710843373493976,0.33053656868931697,0.983988393406653,0.22260081444252894,0.21903661777431654
2.6254180602006687,0.27583025830258306,0.3290363230402934,0.9841229604713424,0.22159046964267595,0.2180722689969854
2.6421404682274248,0.2745638200183655,0.3275493578363175,0.9842562826847553,0.22058906859720234,0.21711617665837488
2.6588628762541804,0.273308957952468,0.3260755106783314,0.9843884301199027,0.21959650193798988,0.21616825580256005
2.6755852842809364,0.27206551410373064,0.32461486719818206,0.9845186125814871,0.21861282733405513,0.21522839745944014
2.692307692307692,0.27083333333333337,0.323167595600781,0.9846454661215766,0.21763815806348547,0.214296425592262
2.709030100334448,0.2696122633002705,0.3217329400894713,0.9847698254919607,0.216671985132822,0.2133720329882458
2.7257525083612038,0.26840215439856374,0.3203107506844467,0.9848909239679597,0.21571420753772758,0.21245496517484874
2.74247491638796,0.2672028596961573,0.3189008793788069,0.9850095796504877,0.21476472560252435,0.21154531208949487
2.7591973244147154,0.26601423487544484,0.3175031782915271,0.9851268530673193,0.2138234397363056,0.21064321229945632
2.7759197324414715,0.26483613817537643,0.3161178063183914,0.9852420496701427,0.2128904569478998,0.20974863015856207
2.792642140468227,0.263668430335097,0.3147446691161457,0.9853550259918397,0.21196571370156767,0.20886148133378704
2.809364548494983,0.26251097453906935,0.31338324127711153,0.9854670305513519,0.21104885615997873,0.20798168958123361
2.826086956521739,0.2613636363636364,0.3120333826059923,0.9855776080507608,0.21013978990820223,0.20710907149401536
2.842809364548495,0.26022628372497825,0.3106949559940676,0.9856856536105902,0.2092384226099714,0.20624331135075855
2.859531772575251,0.25909878682842286,0.30936782784714123,0.9857907462340678,0.20834466429588575,0.20538424209012757
2.8762541806020065,0.25798101811906815,0.3080518658000504,0.9858938466713966,0.20745842582424112,0.20453198546025367
2.8929765886287626,0.25687285223367695,0.30674702984242075,0.9859955513158809,0.20657968024993445,0.20368664571869252
2.9096989966555182,0.2557741659538067,0.3054535019422676,0.9860949950153646,0.20570855011985534,0.20284817170505662
2.9264214046822743,0.25468483816013626,0.30417072380757854,0.9861936282394324,0.20484465945062275,0.20201649792908058
2.94314381270903,0.2536047497879559,0.3028985683558393,0.9862914073589428,0.2039879226581475,0.20119153532273149
2.959866220735786,0.25253378378378377,0.3016369103757115,0.9863879130242074,0.20313825541848926,0.20037311981762201
2.9765886287625416,0.25147182506307825,0.30038562733722035,0.9864821452733172,0.20229557521347977,0.19956097301589323
2.9933110367892977,0.25041876046901174,0.2991445997922521,0.9865736774985691,0.20145980160043905,0.19875493733307725
3.0100334448160533,0.24937447873227692,0.29791370947967943,0.986663327084708,0.2006308549360667,0.197955106847069
3.0267558528428093,0.24833887043189368,0.2966928382613169,0.9867519582016652,0.19980865565985778,0.1971615822380069
3.043478260869565,0.24731182795698928,0.2954818689791383,0.9868398357078618,0.19899312487139842,0.19637434265508485
3.060200668896321,0.24629324546952222,0.2942806859956161,0.9869269905263537,0.1981841846942591,0.1955933209702242
3.0769230769230766,0.24528301886792456,0.29308936852768364,0.9870127615175626,0.19738188847731428,0.19481844281954552
3.0936454849498327,0.24428104575163398,0.29190768839730874,0.9870973595520013,0.19658608255340376,0.1940496030131366
3.1103678929765883,0.24328722538649308,0.29073543772213056,0.9871802539333605,0.19579662692354657,0.19328656388568216
3.1270903010033444,0.24230145867098868,0.28957250928198364,0.9872606549190444,0.19501344938001006,0.19252910575293064
3.1438127090301,0.24132364810330914,0.2884187975721711,0.9873390293040417,0.194236478870349,0.1917772565032854
3.160535117056856,0.24035369774919615,0.2872741971544294,0.9874163420061292,0.19346564438685787,0.19103113888432982
3.1772575250836117,0.2393915132105685,0.28613860313382944,0.9874930268745022,0.19270087528774127,0.1902907706192576
3.1939799331103678,0.2384370015948963,0.28501191188203484,0.9875691481026968,0.19194210178419444,0.189556097944058
3.2107023411371234,0.23749007148530582,0.2838940211485733,0.9876447147438941,0.19118925501533907,0.1888270572317222
3.2274247491638794,0.23655063291139242,0.28278483003991245,0.9877196725314179,0.19044226703413206,0.18810357363109376
3.2441471571906355,0.235618597320725,0.2816842391441808,0.9877935837565066,0.18970107089135918,0.1873855006582228
3.260869565217391,0.23469387755102045,0.28059215120884656,0.9878655980535723,0.18896560109201982,0.18667261653432093
3.277591973244147,0.23377638780297105,0.2795084712672129,0.987935424810972,0.18823579368051546,0.1859648087943905
3.294314381270903,0.23286604361370716,0.2784331052220536,0.9880037566007103,0.18751158528679518,0.1852621506695081
3.311036789297659,0.23196276183087663,0.277365959102386,0.9880713494408324,0.18679291262582715,0.18456472524418452
3.3277591973244145,0.2310664605873261,0.27630693964917574,0.9881384785236801,0.1860797128920432,0.18387252438126678
3.3444816053511706,0.23017705927636645,0.2752559547655368,0.9882051777855513,0.1853719240625273,0.1831854951746595
3.361204013377926,0.22929447852760737,0.27421291356964383,0.9882714544140815,0.1846694849326496,0.18250358046028892
3.3779264214046822,0.22841864018334607,0.27317772636624915,0.9883372435776795,0.1839723350968844,0.1818267105642039
3.394648829431438,0.22754946727549472,0.27215030478818125,0.9884020728731941,0.18328041504410286,0.18115474214665062
3.411371237458194,0.22668688400303258,0.2711305624509756,0.9884651562825822,0.18259366659843584,0.1804874771904326
3.4280936454849495,0.2258308157099698,0.27011841488790767,0.9885263111870778,0.18191203287552174,0.17982483081898193
3.4448160535117056,0.22498118886380739,0.26911377831122607,0.9885861889988146,0.18123545744825556,0.17916687019022778
3.4615384615384612,0.22413793103448276,0.2681165690945866,0.9886454636946417,0.18056388399823226,0.1785136648219378
3.4782608695652173,0.22330097087378645,0.26712670425637597,0.9887043967389912,0.17989725664124287,0.1778652086024795
3.494983277591973,0.2224702380952381,0.2661441018234599,0.9887630338077609,0.1792355201722414,0.1772214566916175
3.511705685618729,0.22164566345441067,0.2651686808790296,0.9888213908663411,0.17857862009756745,0.17658235950386858
3.5284280936454846,0.22082717872968985,0.26420036154363485,0.9888794319848475,0.1779265026221727,0.1759478588480646
3.5451505016722407,0.2200147167034584,0.2632390650579114,0.9889368321183223,0.17727911470533403,0.17531784609743373
3.5618729096989963,0.21920821114369504,0.26228471420487165,0.9889929118822519,0.17663640434504632,0.17469215187761822
3.5785953177257523,0.21840759678597518,0.26133723356427024,0.9890472500746929,0.1759983207493258,0.17407065515488446
3.5953177257525084,0.21761280931586607,0.26039654871853996,0.9891002613482894,0.17536481380144517,0.17345338316230352
3.612040133779264,0.21682378535170416,0.25946258535323596,0.9891526937398578,0.17473583345412522,0.17284042035402714
3.62876254180602,0.21604046242774563,0.2585352695292166,0.9892049179233832,0.17411132991283573,0.17223178381595777
3.6454849498327757,0.21526277897768178,0.2576145281504044,0.9892570019002701,0.17349125395081055,0.17162743773929723
3.6622073578595318,0.21449067431850788,0.2567003335538763,0.9893087863805391,0.17287558693837357,0.17102733710882573
3.6789297658862874,0.2137240886347391,0.2557927704347181,0.9893596734139474,0.17226438591367696,0.17043143658840965
3.6956521739130435,0.212962962962963,0.2548915782448158,0.9894103052510618,0.17165747540983475,0.16983967514387124
3.712374581939799,0.2122072391767211,0.25399668752197574,0.9894601112661109,0.1710548086473305,0.16925190999679093
3.729096989966555,0.21145685997171146,0.2531080305206677,0.9895084425834102,0.1704563400027396,0.1686679875245791
3.7458193979933108,0.21071176885130377,0.2522255407256766,0.9895553839932794,0.16986202468119682,0.1680878810592776
3.762541806020067,0.20997191011235952,0.25134915192501894,0.9896015454488678,0.1692718180920491,0.16751165278483143
3.7792642140468224,0.2092372288313506,0.250478798134866,0.989647448782371,0.16868567579829497,0.16693934869991275
3.7959866220735785,0.2085076708507671,0.24961441391868366,0.9896933135983573,0.16810355373150992,0.16637096312019756
3.812709030100334,0.2077831827658096,0.24875593461526554,0.9897391839179763,0.16752540834541635,0.16580646094131812
3.82943143812709,0.20706371191135736,0.24790329637875305,0.9897850722247766,0.16695119664283492,0.16524580222714125
3.846153846153846,0.20634920634920637,0.2470564361659443,0.989830983589924,0.16638087616713773,0.1646889463070713
3.862876254180602,0.20563961485557083,0.24621541727812724,0.9898763160346103,0.1658144895487615,0.16413583605968743
3.8795986622073575,0.2049348869088417,0.245380296796956,0.9899199327903487,0.16525207522951235,0.1635863232046645
3.8963210702341136,0.2042349726775956,0.24455077910427936,0.9899622210335334,0.16469343412448573,0.1630402778355158
3.913043478260869,0.20353982300884957,0.24372680530244203,0.9900033913907721,0.16413852656888422,0.16249769796107974
3.9297658862876252,0.20284938941655362,0.24290831665548154,0.9900440231618027,0.16358731300680293,0.16195864150748426
3.9464882943143813,0.2021636240703178,0.24209525469756488,0.9900845636726642,0.1630397540642564,0.16142314376400776
3.963210702341137,0.2014824797843666,0.2412875614710215,0.9901252141225059,0.16249581070948263,0.16089119937273666
3.979933110367893,0.2008059100067159,0.2404851796948295,0.9901660223850165,0.1619554443664107,0.1603627781518867
3.9966555183946486,0.20013386880856762,0.2396880527973498,0.9902070066870166,0.16141861693670564,0.15983784550045346
4.013377926421405,0.19946631087391595,0.23889645480953384,0.9902468131367962,0.16088551296730935,0.15931636649575678
4.030100334448161,0.19880319148936168,0.23811012003004317,0.9902862186697452,0.160355953520882,0.15879829085337566
4.046822742474916,0.1981444665341286,0.23732888111654468,0.9903252202807503,0.1598298259002422,0.15828350754209133
4.063545150501672,0.19749009247027743,0.23655268480510203,0.9903633354827751,0.1593070942346369,0.15777190521228376
4.080267558528428,0.1968400263331139,0.23578147872642963,0.9904005199955525,0.15878772325581833,0.15726344368147235
4.096989966555184,0.19619422572178477,0.23501521100273415,0.9904371329573132,0.1582716780265355,0.1567581470129448
4.113712374581939,0.19555264879005888,0.2342538299564935,0.99047370896913,0.15775892374441072,0.15625606632410463
4.130434782608695,0.19491525423728814,0.2334975680440606,0.9905093421263327,0.15724961695785164,0.15575721464253944
4.147157190635451,0.19428200129954518,0.23274631247888608,0.9905443512153814,0.15674368171042818,0.15526156850696635
4.1638795986622075,0.19365284974093264,0.23199979650015912,0.9905796717791638,0.1562409383512957,0.15476909743049508
4.180602006688963,0.19302775984506135,0.23125797038110704,0.9906153231321947,0.15574135339181444,0.15427977111527758
4.197324414715719,0.19240669240669242,0.23052078500245646,0.9906512815042219,0.1552448937524667,0.1537935529428679
4.214046822742475,0.19178960872354073,0.2297881918772341,0.9906874085350678,0.15475152677955914,0.15331038903208657
4.230769230769231,0.19117647058823528,0.22906027526027425,0.9907226822000383,0.15426130921475525,0.15283017802493182
4.247491638795986,0.19056724028043343,0.22833727469603574,0.9907551152285496,0.15377440237996814,0.1523527757491667
4.264214046822742,0.18996188055908514,0.2276187309580705,0.9907869854702943,0.15329049700780953,0.15187822943161078
4.280936454849498,0.18936035465484485,0.22690459806920107,0.9908187721505559,0.15280956213481534,0.1514065827272818
4.297658862876254,0.18876262626262627,0.22619483038216695,0.9908508187934193,0.15233156701970513,0.15093785790955946
4.31438127090301,0.1881686595342983,0.22548938265632393,0.9908833159605395,0.15185648119503534,0.15047205363663593
4.331103678929765,0.1875784190715182,0.22478850444481824,0.9909150213238651,0.1513844727230988,0.15000914801651152
4.3478260869565215,0.1869918699186992,0.22409215271577712,0.990945934573059,0.15091551262395553,0.1495491136987179
4.364548494983278,0.18640897755610972,0.22339999206510797,0.990977352220481,0.15044937501874295,0.14909192329930007
4.381270903010034,0.1858297078931013,0.22271197925097808,0.9910092411665677,0.1499860307861229,0.14863754255494113
4.397993311036789,0.18525402726146223,0.222028071593883,0.9910414543645466,0.14952545118345892,0.14818592060537014
4.414715719063545,0.1846819024088944,0.22134834748934457,0.9910730712107211,0.14906768900644338,0.14773697236190048
4.431438127090301,0.18411330049261085,0.22067314661730122,0.9911016370234512,0.14861297301351967,0.14729056083662131
4.448160535117057,0.18354818907305095,0.22000193078142602,0.9911299097998383,0.14816094075480465,0.14684673984616872
4.464882943143812,0.18298653610771115,0.21933465944920247,0.9911582878546976,0.14771156493355708,0.14640554179588242
4.481605351170568,0.1824283099450885,0.21867129243013086,0.9911870890295598,0.14726481848336795,0.145966986748996
4.498327759197324,0.1818734793187348,0.21801193584980594,0.9912158535011422,0.14682077287482795,0.14553107769681992
4.51505016722408,0.18132201334141904,0.21735690893111423,0.9912430043899068,0.14637964308951937,0.14509779719757743
4.5317725752508355,0.1807738814993954,0.2167056706353193,0.9912708242643679,0.14594106476333005,0.14466711956196568
4.548494983277592,0.1802290536467752,0.21605818238965097,0.9912993341666566,0.14550501191931567,0.14423902143352907
4.565217391304348,0.1796875,0.2154144060827228,0.9913285393700525,0.14507145889125206,0.14381347744694753
4.581939799331104,0.17914919113241462,0.21477466011330842,0.991356740044983,0.1446406201057202,0.1433904536260916
4.598662207357859,0.1786140979689367,0.2141388716113798,0.9913835641538218,0.14421244648818765,0.14296984919480177
4.615384615384615,0.17808219178082194,0.2135066861297045,0.991410213927252,0.1437866993351338,0.14255160234773848
4.632107023411371,0.17755344418052257,0.2128780677460582,0.9914367136114756,0.1433633544546321,0.14213569299281756
4.648829431438127,0.17702782711663706,0.2122530203667099,0.9914630347583511,0.14294241447737085,0.14172212005342016
4.665551839464883,0.17650531286894922,0.21163212865556483,0.9914867722032581,0.14252427314695904,0.1413109315430939
4.682274247491638,0.17598587404355504,0.21101469977613052,0.9915112977093283,0.14210846387064383,0.14090214742786125
4.698996655518394,0.17546948356807512,0.21040069888190718,0.991536652373944,0.1416949631809485,0.14049574945068694
4.7157190635451505,0.17495611468695144,0.20979009153961078,0.9915628692577301,0.1412837478886777,0.14009171843598303
4.7324414715719065,0.17444574095682613,0.20918340168084104,0.9915873482241425,0.14087517083709253,0.13969003708097563
4.749163879598662,0.17393833624200117,0.20858019943572334,0.9916119538858228,0.14046894252907444,0.13929068256153085
4.765886287625418,0.17343387470997682,0.2079802909654821,0.9916374067600016,0.14006493242333576,0.13889362636629154
4.782608695652174,0.17293233082706766,0.20738364338090315,0.9916636292712392,0.13966311837053944,0.13849883483866782
4.79933110367893,0.17243367935409457,0.206790711489019,0.9916878137849566,0.13926380666180557,0.13810621996781686
4.816053511705685,0.17193789534215068,0.20620122712323163,0.9917106724631573,0.13886681669955803,0.13771570417193668
4.832775919732441,0.17144495412844038,0.2056149092458663,0.9917337260432251,0.1384719592181566,0.13732731206792795
4.849498327759197,0.17095483133218983,0.2050317266832476,0.9917571558193736,0.1380792132235988,0.1369410477844132
4.866220735785953,0.17046750285062715,0.2044521688692978,0.9917788172339764,0.13768890832658445,0.13655694264637733
4.882943143812708,0.1699829448550313,0.20387591944267627,0.9918003513646318,0.13730083147264774,0.13617501289722814
4.8996655518394645,0.16950113378684808,0.20330271372256392,0.9918229168465517,0.13691480441172046,0.1357952406711077
4.916387959866221,0.16902204635387225,0.20273252160122635,0.9918465426604618,0.13653080686766123,0.13541760875833303
4.933110367892977,0.1685456595264938,0.2021659637183294,0.9918680947917856,0.13614925681205986,0.13504210396149535
4.949832775919732,0.1680719505340079,0.20160247989206218,0.9918901470496746,0.135769776988845,0.13466870406236697
4.966555183946488,0.16760089686098656,0.20104192150559663,0.9919132590594104,0.13539226731158108,0.13429738512047326
4.983277591973244,0.16713247624371158,0.20048434841714635,0.9919369777492898,0.13501676809195637,0.13392812488661193
5.0,0.16666666666666666,0.1999303389771892,0.9919577203755521,0.13464366882178386,0.1335608267874575
