z,a,D_PBUF,D_LCDM,S_growth,S_elastic,R_PBUF_Mpc,R_LCDM_Mpc,ratio
0.0,1.0,1.0,1.0,1.0,1.0220419284938673,25.551048212346682,25.0,1.0220419284938673
0.006711409395973154,0.9933333333333332,0.9963565599341602,0.9963949347767994,1.0000192573997533,1.0220419284938673,25.500317485555485,24.949882890599422,1.022061610363849
0.013422818791946308,0.9867549668874173,0.9927149711130957,0.9927997764327604,1.0000427129191307,1.0220419284938673,25.4501336505503,24.90019825799309,1.0220855828881072
0.020134228187919462,0.9802631578947367,0.9890752720740459,0.9892147126787383,1.0000704879064133,1.0220419284938673,25.400492476719013,24.850939542965587,1.0221139700896735
0.026845637583892617,0.9738562091503268,0.9854372806868777,0.9856399325087405,1.0001028180119838,1.0220419284938673,25.351392761859415,24.802100328100703,1.0221470128131191
0.03355704697986577,0.9675324675324675,0.9818024238784283,0.982075617443724,1.000139118908641,1.0220419284938673,25.302812663478374,24.753674333813006,1.0221841138515446
0.040268456375838924,0.9612903225806452,0.9781709335595726,0.9785219381709611,1.0001794027590543,1.0220419284938673,25.254745662920453,24.705655414515466,1.0222252856357081
0.04697986577181208,0.9551282051282051,0.9745424530307589,0.9749790711889155,1.0002239867867866,1.0220419284938673,25.207193069317924,24.658037554917538,1.022270852381392
0.053691275167785234,0.9490445859872613,0.9709183565662293,0.9714471771264829,1.0002722930148586,1.0220419284938673,25.160133751631864,24.610814866448532,1.0223202233718889
0.060402684563758385,0.9430379746835443,0.9672989968177497,0.9679264156841152,1.0003242622812505,1.0220419284938673,25.11355984986818,24.5639815838012,1.0223733381411344
0.06711409395973154,0.9371069182389938,0.9636843507591174,0.964416945425,1.0003800287346367,1.0220419284938673,25.067468489554496,24.517532061590792,1.0224303337946985
0.0738255033557047,0.93125,0.9600747408633107,0.96091890996778,1.000439540582634,1.0220419284938673,25.021852247101936,24.471460771125045,1.022491157398594
0.08053691275167785,0.9254658385093169,0.9564710276540921,0.9574324581860312,1.0005024663693738,1.0220419284938673,24.97669685067011,24.42576229728072,1.0225554701910256
0.087248322147651,0.9197530864197531,0.9528735716346686,0.9539577281206483,1.0005687261730212,1.0220419284938673,24.931994477777625,24.380431335482555,1.0226231904885268
0.09395973154362416,0.9141104294478527,0.9492827302360503,0.9504948565247832,1.0006382395676536,1.0220419284938673,24.887737424458432,24.335462688780648,1.0226942360924332
0.10067114093959731,0.9085365853658537,0.9456984900336105,0.9470439649591379,1.0007111128533461,1.0220419284938673,24.843922750272135,24.29085126502252,1.022768715645878
0.10738255033557047,0.903030303030303,0.9421214426298307,0.9436051866989658,1.0007871386190952,1.0220419284938673,24.800539831498163,24.24659207411618,1.0228464171661193
0.11409395973154363,0.8975903614457832,0.9385520975555658,0.940178638728592,1.000866141088553,1.0220419284938673,24.757578971596715,24.202680225380778,1.0229271610023598
0.12080536912751677,0.8922155688622754,0.9349907493748865,0.9367644366832065,1.000948055866082,1.0220419284938673,24.71503335974548,24.15911092498152,1.0230108813395578
0.12751677852348994,0.886904761904762,0.9314377195313366,0.933362693876416,1.0010328016352985,1.0220419284938673,24.672895880667184,24.115879473445652,1.0230974950689595
0.1342281879194631,0.8816568047337278,0.9278933285647584,0.9299735096650317,1.0011202885542168,1.0220419284938673,24.631159322105155,24.072981263256537,1.0231869103682885
0.14093959731543623,0.8764705882352942,0.9243578916724586,0.92659699246336,1.0012104329340663,1.0220419284938673,24.589816734435562,24.03041177652288,1.0232790417041129
0.1476510067114094,0.8713450292397661,0.9208317162026128,0.9232332383651435,1.001303147128213,1.0220419284938673,24.54886117874699,23.98816658272032,1.0233737994978973
0.15436241610738255,0.8662790697674417,0.9173149565570229,0.9198823411760079,1.0013984241228517,1.0220419284938673,24.50828779536886,23.946241336502837,1.023471176581239
0.1610738255033557,0.861271676300578,0.9138080502627507,0.9165443882731011,1.0014960979085406,1.0220419284938673,24.468087929702776,23.904631775581223,1.0235710032855276
0.16778523489932887,0.8563218390804597,0.910311320727383,0.9132194657740426,1.0015960617217345,1.0220419284938673,24.428254486342286,23.86333371866641,1.0236731704939441
0.174496644295302,0.8514285714285714,0.9068250321323287,0.9099076528403272,1.0016982357738085,1.0220419284938673,24.3887811283148,23.822343063475167,1.0237775966591678
0.18120805369127516,0.8465909090909091,0.9033494225261424,0.9066090287558174,1.0018025533568644,1.0220419284938673,24.34966193139138,23.78165578479596,1.02388421360293
0.18791946308724833,0.8418079096045198,0.8998847503696343,0.9033236664829901,1.0019089316237255,1.0220419284938673,24.310890670156862,23.74126793261288,1.0239929366519427
0.19463087248322147,0.8370786516853932,0.8964312695736448,0.9000516323544199,1.0020172850564033,1.0220419284938673,24.27246114545653,23.701175630285523,1.0241036784032356
0.20134228187919462,0.8324022346368716,0.892989225158709,0.8967929940020469,1.0021275322901617,1.0220419284938673,24.234367347864218,23.661375072782842,1.0242163556986372
0.2080536912751678,0.8277777777777777,0.8895588539642968,0.8935478112794122,1.0022395907127477,1.0220419284938673,24.196603324407505,23.62186252496916,1.024330884104961
0.21476510067114093,0.8232044198895028,0.8861403850646207,0.8903161440486089,1.0023533806009481,1.0220419284938673,24.15916327654207,23.58263431994043,1.0244471821417405
0.22147651006711408,0.8186813186813187,0.8827340397473183,0.887098045703316,1.0024688215392925,1.0220419284938673,24.12204147147745,23.543686857409025,1.024565167620993
0.22818791946308725,0.8142076502732241,0.8793400257408116,0.8838935681484771,1.0025858385345174,1.0220419284938673,24.085232387341534,23.505016602135463,1.0246847638964593
0.2348993288590604,0.8097826086956522,0.8759585305864389,0.8807027562156426,1.0027043627482592,1.0220419284938673,24.048730727879466,23.466620082405306,1.0248059006124453
0.24161073825503354,0.8054054054054054,0.8725896970849785,0.8775256567998985,1.0028243509634043,1.0220419284938673,24.012531885630356,23.428493888549852,1.0249285335992486
0.2483221476510067,0.8010752688172044,0.8692336759418934,0.8743623071914406,1.0029457490376195,1.0220419284938673,23.97663106160457,23.39063467150901,1.0250526075211348
0.2550335570469799,0.7967914438502673,0.8658907212611286,0.8712127480692333,1.0030684438667385,1.0220419284938673,23.94102211929276,23.353039141434998,1.0251780067809038
0.26174496644295303,0.7925531914893618,0.8625610075027981,0.8680770132503429,1.00319236273452,1.0220419284938673,23.90569996183509,23.315704066335492,1.0253046570595081
0.2684563758389262,0.7883597883597884,0.8592447002020476,0.8649551349384093,1.0033174358944532,1.0220419284938673,23.870659632465124,23.27862627075488,1.0254324870730889
0.2751677852348993,0.7842105263157895,0.8559419575707086,0.861847135552806,1.0034435909453447,1.0220419284938673,23.835896178838333,23.24180263449237,1.0255614228245915
0.28187919463087246,0.7801047120418848,0.8526529286883393,0.8587530490501052,1.0035707663193125,1.0220419284938673,23.80140497195822,23.205230091355745,1.0256914013890583
0.2885906040268456,0.7760416666666667,0.8493777550971318,0.8556728905511898,1.003698892744354,1.0220419284938673,23.767181263778564,23.168905627949567,1.0258223519675989
0.2953020134228188,0.772020725388601,0.8461165705471602,0.8526066830243729,1.003827908973838,1.0220419284938673,23.733220559149522,23.13282628249675,1.0259542119635876
0.30201342281879195,0.768041237113402,0.8428694005716415,0.8495544436124867,1.0039578136816472,1.0220419284938673,23.69951983804474,23.096989143692337,1.0260869800216774
0.3087248322147651,0.764102564102564,0.8396364382880624,0.8465161862535421,1.0040885033139297,1.0220419284938673,23.666073721584997,23.06139134958853,1.0262205503054895
0.31543624161073824,0.7602040816326532,0.8364178178634241,0.8434919186794655,1.004219904261992,1.0220419284938673,23.632877599901096,23.026030086509913,1.026354847583853
0.3221476510067114,0.7563451776649747,0.8332136338195598,0.8404816567441209,1.004351970406258,1.0220419284938673,23.599927567722972,22.990902587997887,1.0264898247206276
0.32885906040268453,0.7525252525252525,0.8300239787949789,0.8374853992545032,1.0044846457260312,1.0220419284938673,23.567219541008967,22.956006133783454,1.0266254244603121
0.33557046979865773,0.7487437185929648,0.8268489106296509,0.8345031555045769,1.0046179006938847,1.0220419284938673,23.534750110172762,22.921338048787376,1.0267616166246385
0.3422818791946309,0.745,0.8236885110417229,0.8315349256146263,1.004751685137845,1.0220419284938673,23.502515431686135,22.886895702146866,1.026898349935746
0.348993288590604,0.7412935323383085,0.8205429142566063,0.8285807086236826,1.0048859152213927,1.0220419284938673,23.470510926562007,22.852676506268036,1.0270355387091972
0.35570469798657717,0.7376237623762376,0.8174121877063574,0.825640502459799,1.0050205461092487,1.0220419284938673,23.43873297984238,22.818677915903198,1.0271731371214563
0.3624161073825503,0.7339901477832512,0.814296390608453,0.8227142998221477,1.005155534086721,1.0220419284938673,23.407178050639786,22.784897427252336,1.0273111004942757
0.36912751677852346,0.7303921568627451,0.8111955680074329,0.8198020947452586,1.0052908443115491,1.0220419284938673,23.37584285121634,22.751332577087926,1.0274493932174038
0.37583892617449666,0.726829268292683,0.8081098002755295,0.8169038769234332,1.005426416710388,1.0220419284938673,23.344723552677983,22.717980941902468,1.0275879538933634
0.3825503355704698,0.7233009708737864,0.8050391239053349,0.8140196365467062,1.0055622179462367,1.0220419284938673,23.313816993194926,22.684840137077938,1.0277267484503423
0.38926174496644295,0.7198067632850241,0.8019835824110052,0.811149358838958,1.0056982066560227,1.0220419284938673,23.283119867769855,22.651907816076573,1.0278657346135454
0.3959731543624161,0.7163461538461539,0.7989432550058001,0.8082930281263798,1.0058343177827702,1.0220419284938673,23.25262836651443,22.619181669652306,1.028004845892016
0.40268456375838924,0.7129186602870814,0.7959181446784643,0.8054506278173221,1.0059705328365038,1.0220419284938673,23.222339799669957,22.586659425082225,1.0281440633882235
0.4093959731543624,0.7095238095238096,0.7929082657780249,0.8026221403840282,1.0061068252448593,1.0220419284938673,23.192251329283565,22.554338845417462,1.0282833599440984
0.4161073825503356,0.7061611374407583,0.7899137282787518,0.7998075404194587,1.00624310216024,1.0220419284938673,23.162358630247507,22.522217728752935,1.0284226406655033
0.4228187919463087,0.7028301886792453,0.7869344926741032,0.7970068114497204,1.0063793705151112,1.0220419284938673,23.132659717298214,22.490293907515372,1.0285619126377086
0.42953020134228187,0.6995305164319249,0.7839705367048867,0.7942199231011908,1.006515617490785,1.0220419284938673,23.103152184289655,22.458565247769087,1.0287011627594775
0.436241610738255,0.6962616822429907,0.7810219892376844,0.7914468532464131,1.0066517379481816,1.0220419284938673,23.073831543331227,22.427029648538966,1.0288402835742627
0.44295302013422816,0.6930232558139535,0.7780888036257563,0.7886875742145367,1.006787735142219,1.0220419284938673,23.044695833111813,22.395685041150173,1.0289792784087264
0.44966442953020136,0.6898148148148148,0.7751708994724047,0.7859420571081184,1.0069236335541802,1.0220419284938673,23.015743608366254,22.3645293885841,1.0291181722837666
0.4563758389261745,0.6866359447004609,0.7722684631477391,0.783210271545841,1.0070592831987488,1.0220419284938673,22.986969469044872,22.333560684850056,1.029256811908101
0.46308724832214765,0.6834862385321101,0.7693813617359029,0.7804921827297457,1.0071947379363682,1.0220419284938673,22.95837271059148,22.30277695437225,1.029395252329361
0.4697986577181208,0.680365296803653,0.7665095210481094,0.7777877629807944,1.0073300185466092,1.0220419284938673,22.92995189800936,22.272176251391652,1.0295335147851394
0.47651006711409394,0.6772727272727272,0.7636532293571399,0.7750969720718713,1.007464898933859,1.0220419284938673,22.901700010553995,22.241756659382283,1.0296713681962404
0.4832214765100671,0.6742081447963801,0.7608121593325519,0.7724197787169483,1.0075995630362116,1.0220419284938673,22.873619391914257,22.211516290481512,1.0298090005551077
0.4899328859060403,0.6711711711711711,0.757986445324108,0.7697561443994475,1.007733886080045,1.0220419284938673,22.845705392031768,22.181453284933987,1.0299462843378686
0.4966442953020134,0.6681614349775785,0.7551761217137516,0.7671060301056274,1.007867807810676,1.0220419284938673,22.81795486392675,22.151565810548803,1.0300831579617098
0.5033557046979865,0.6651785714285714,0.7523809216939487,0.7644693963159511,1.0080014685485095,1.0220419284938673,22.790369229312876,22.12185206216953,1.030219764839969
0.5100671140939598,0.6622222222222222,0.7496012618500486,0.7618462029975723,1.0081345509695965,1.0220419284938673,22.762939585590402,22.092310261156754,1.0303557806542651
0.5167785234899329,0.6592920353982301,0.7468366734225119,0.7592364095979058,1.0082673302358716,1.0220419284938673,22.735670453932652,22.06293865488275,1.0304914866316333
0.5234899328859061,0.6563876651982379,0.7440873898241535,0.7566399725666008,1.0083996080345423,1.0220419284938673,22.708555685039258,22.033735516237993,1.0306266800880834
0.5302013422818792,0.6535087719298246,0.7413532835100471,0.7540568473507996,1.0085314279497404,1.0220419284938673,22.68159461790277,22.004699143149153,1.0307614055684264
0.5369127516778524,0.6506550218340611,0.7386342496637042,0.751486990412647,1.0086628194941982,1.0220419284938673,22.654786294217576,21.975827858108254,1.0308956932359121
0.5436241610738255,0.6478260869565218,0.7359304912656047,0.7489303569796468,1.0087936009333751,1.0220419284938673,22.628125037240185,21.947120007712716,1.0310293573502194
0.5503355704697986,0.645021645021645,0.7332415827537108,0.7463868995036081,1.008924018418856,1.0220419284938673,22.60161479989021,21.918573962215948,1.0311626494885897
0.5570469798657718,0.6422413793103449,0.7305680197147342,0.7438565701274652,1.0090536856000163,1.0220419284938673,22.575245378215175,21.89018811508823,1.0312951747844852
0.5637583892617449,0.6394849785407725,0.7279091341316424,0.7413393206803024,1.0091830167723346,1.0220419284938673,22.54902452464656,21.86196088258761,1.0314273566652556
0.5704697986577181,0.6367521367521368,0.7252655533025096,0.7388351026731887,1.0093115310945555,1.0220419284938673,22.522939990468423,21.833890703340515,1.0315587036909772
0.5771812080536912,0.6340425531914894,0.7226365646802415,0.7363438672957974,1.00943967614908,1.0220419284938673,22.497000294771542,21.80597603793185,1.0316896733096306
0.5838926174496644,0.6313559322033898,0.7200227422660307,0.7338655650989565,1.009567003995526,1.0220419284938673,22.471193993739657,21.778215368504306,1.0318198077073633
0.5906040268456376,0.6286919831223629,0.7174234437958675,0.7314001404118332,1.0096939116470314,1.0220419284938673,22.44552849815795,21.75060719836665,1.0319495126482485
0.5973154362416108,0.6260504201680672,0.714839201501527,0.7289475466757284,1.009819978941104,1.0220419284938673,22.41999305124712,21.723150051610755,1.0320783587086024
0.6040268456375839,0.6234309623430963,0.7122693647987608,0.7265077286186905,1.0099456120494141,1.0220419284938673,22.394595286230125,21.695842472737105,1.0322067610129022
0.610738255033557,0.6208333333333333,0.7097145023682863,0.7240806329731411,1.0100703571115544,1.0220419284938673,22.36932376387317,21.66868302628863,1.032334255696782
0.6174496644295302,0.6182572614107884,0.7071738739655691,0.7216662074941755,1.0101946892303615,1.0220419284938673,22.34418766171049,21.641670296492563,1.0324613283352617
0.6241610738255033,0.6157024793388429,0.704648184929605,0.7192643977254923,1.0103180528247686,1.0220419284938673,22.319173354457224,21.614802886910176,1.0325874111011955
0.6308724832214765,0.6131687242798354,0.7021365565812089,0.7168751490738056,1.0104410238670254,1.0220419284938673,22.294292262566362,21.588079420094168,1.0327130926623724
0.6375838926174496,0.6106557377049181,0.6996397662685547,0.7144984068066657,1.0105629909136886,1.0220419284938673,22.269529594834264,21.56149853725347,1.0328377480979567
0.6442953020134228,0.6081632653061224,0.697156974874763,0.7121341123065195,1.0106845025639024,1.0220419284938673,22.24489617628305,21.535058897925374,1.0329619380992758
0.6510067114093959,0.6056910569105691,0.6946887422324924,0.709782213062264,1.0108051022305091,1.0220419284938673,22.220380693155356,21.508759179654678,1.0330851960151102
0.6577181208053691,0.6032388663967612,0.6922345607679463,0.7074426513688388,1.0109251024292851,1.0220419284938673,22.195988784274178,21.48259807767976,1.0332078412496868
0.6644295302013423,0.6008064516129032,0.6897945924216003,0.7051153702763213,1.0110443302886205,1.0220419284938673,22.17171542745214,21.45657430462534,1.0333296971209722
0.6711409395973155,0.5983935742971888,0.6873687841474719,0.7028003116032522,1.0111627677771766,1.0220419284938673,22.147559026795648,21.430686590201844,1.0334507452001822
0.6778523489932886,0.596,0.6849567738954849,0.7004974194120694,1.0112806264720988,1.0220419284938673,22.12352302748805,21.40493368091108,1.03357120172803
0.6845637583892618,0.593625498007968,0.682559092338406,0.6982066350509482,1.0113974577921947,1.0220419284938673,22.099596443527503,21.379314339758196,1.0336906082357296
0.6912751677852349,0.5912698412698413,0.6801749228021852,0.6959278998881159,1.0115138086358346,1.0220419284938673,22.075790077203823,21.353827345969677,1.0338095236763452
0.697986577181208,0.5889328063241107,0.6778049006145908,0.6936611553097637,1.011629150427263,1.0220419284938673,22.052091245366007,21.328471494717267,1.0339274078232925
0.7046979865771812,0.5866141732283464,0.6754484642712791,0.6914063427183573,1.0117438434464487,1.0220419284938673,22.028506687511133,21.303245596847635,1.034044628897806
0.7114093959731543,0.584313725490196,0.6731056098967179,0.6891634035313283,1.011857834201777,1.0220419284938673,22.00503412238859,21.278148478617723,1.0341611322292121
0.7181208053691275,0.58203125,0.6707766422908203,0.6869322791801312,1.0119708357260127,1.0220419284938673,21.98166621734405,21.253178981435518,1.0342766245249644
0.7248322147651006,0.5797665369649806,0.6684608585963805,0.6847129065916221,1.0120833165703338,1.0220419284938673,21.958412075105915,21.228335961606216,1.0343915846640133
0.7315436241610738,0.5775193798449613,0.6661588444560659,0.6825052307788164,1.0121947792311217,1.0220419284938673,21.935259829555346,21.203618290083597,1.0345055041767999
0.7382550335570469,0.5752895752895753,0.6638701243357086,0.6803091877349365,1.0123055215883041,1.0220419284938673,21.91221489533319,21.179024852226487,1.0346186875091006
0.7449664429530202,0.573076923076923,0.6615944429435413,0.6781247207897687,1.012415682885173,1.0220419284938673,21.889279240800374,21.15455454756021,1.0347312769733976
0.7516778523489933,0.5708812260536399,0.6593325040742517,0.6759517687394361,1.0125246646443344,1.0220419284938673,21.86643890205129,21.13020628954287,1.034842660900702
0.7583892617449665,0.5687022900763359,0.6570834074969146,0.6737902695436458,1.0126330954072709,1.0220419284938673,21.843706455980577,21.10597900533638,1.0349534816867614
0.7651006711409396,0.5665399239543726,0.6548473428230586,0.6716401646745535,1.0127407726709097,1.0220419284938673,21.82107652398998,21.08187163558211,1.035063532364946
0.7718120805369127,0.5643939393939393,0.6526245994432922,0.6695013935018238,1.0128474121778186,1.0220419284938673,21.798542000672363,21.057883134181036,1.0351725224122406
0.7785234899328859,0.5622641509433962,0.6504144898686092,0.667373895538383,1.0129534866255157,1.0220419284938673,21.776112093603814,21.03401246807831,1.0352809349453287
0.785234899328859,0.5601503759398496,0.6482172948893893,0.6652576094064119,1.0130587181776296,1.0220419284938673,21.753779860057648,21.010258617052095,1.0353884860037899
0.7919463087248322,0.5580524344569289,0.6460330990411389,0.6631524742964368,1.0131629795607189,1.0220419284938673,21.73154162583981,20.986620573506645,1.0354950455088299
0.7986577181208053,0.5559701492537313,0.6438613252659526,0.6610584310422762,1.0132666637219752,1.0220419284938673,21.709404886643533,20.96309734226944,1.0356010150689545
0.8053691275167785,0.5539033457249071,0.6417022361924818,0.6589754181761182,1.0133695044342486,1.0220419284938673,21.687363004964347,20.93968794039235,1.035706122588854
0.8120805369127516,0.5518518518518519,0.6395559374362824,0.656903374183272,1.0134713562679085,1.0220419284938673,21.6654119626355,20.91639139695668,1.0358102194333483
0.8187919463087248,0.5498154981549815,0.6374218499770599,0.6548422395633947,1.0135726178139,1.0220419284938673,21.643559383417987,20.893206752882072,1.0359137129790958
0.825503355704698,0.5477941176470588,0.6353000967750029,0.6527919536936849,1.0136731324010373,1.0220419284938673,21.621801020643513,20.870133060739093,1.0360164431015755
0.8322147651006712,0.5457875457875457,0.6331910401623059,0.6507524539543805,1.013772548139227,1.0220419284938673,21.60012849397362,20.847169384565497,1.0361180501543577
0.8389261744966443,0.5437956204379562,0.6310939824126253,0.6487236817156454,1.0138713630798288,1.0220419284938673,21.578551556335192,20.824314799686036,1.0362190431668141
0.8456375838926175,0.5418181818181819,0.6290088540492002,0.6467055760373659,1.0139695740581194,1.0220419284938673,21.55706926885413,20.80156839253573,1.0363194189044656
0.8523489932885906,0.5398550724637681,0.6269363069431941,0.6446980762199628,1.0140665947766643,1.0220419284938673,21.535668319565428,20.778929260486585,1.036418578146751
0.8590604026845637,0.5379061371841155,0.6248756158224003,0.6427011218022765,1.0141629488191501,1.0220419284938673,21.514359005829444,20.75639651167755,1.0365170560181516
0.8657718120805369,0.5359712230215827,0.6228266407104256,0.6407146525596327,1.0142586906552256,1.0220419284938673,21.493141645872345,20.733969264847815,1.0366149081889315
0.87248322147651,0.5340501792114696,0.6207896170717412,0.6387386085020866,1.014353569062414,1.0220419284938673,21.472010092048755,20.711646649173208,1.0367118778991868
0.8791946308724832,0.5321428571428571,0.6187646213955957,0.6367729291046209,1.0144474594361628,1.0220419284938673,21.450960906849353,20.68942780410571,1.03680783779784
0.8859060402684563,0.5302491103202847,0.6167511239138365,0.6348175533351252,1.0145407338726296,1.0220419284938673,21.430001165380407,20.667311879216026,1.0369031681827656
0.8926174496644295,0.5283687943262412,0.614749055755064,0.6328724236147745,1.0146333920221915,1.0220419284938673,21.40913005990536,20.64529803403909,1.0369978686966348
0.8993288590604027,0.5265017667844523,0.6127588379499604,0.6309374777330549,1.0147250242749621,1.0220419284938673,21.388338165817245,20.623385437922487,1.0370915207009688
0.9060402684563759,0.5246478873239437,0.6107801455711769,0.6290126584689743,1.0148158394068711,1.0220419284938673,21.36762912489044,20.601573269877672,1.0371843375735215
0.912751677852349,0.5228070175438596,0.6088126695306805,0.6270979033900764,1.0149060317023353,1.0220419284938673,21.347006264495526,20.57986071843401,1.0372765178811127
0.9194630872483222,0.5209790209790209,0.6068563413398685,0.6251931556346291,1.0149956014667068,1.0220419284938673,21.326468827992024,20.558246981495497,1.0373680619358259
0.9261744966442953,0.519163763066202,0.6049115686902574,0.6232983554839691,1.0150841472560812,1.0220419284938673,21.306007635144304,20.536731266200114,1.037458559445158
0.9328859060402684,0.5173611111111112,0.6029780165526778,0.6214134432463392,1.0151718876870754,1.0220419284938673,21.285626550767194,20.51531278878181,1.0375482338444584
0.9395973154362416,0.5155709342560554,0.601055399915411,0.6195383598192511,1.0152590026419566,1.0220419284938673,21.265328617705404,20.493990774434977,1.0376372689809457
0.9463087248322147,0.5137931034482759,0.5991436509152586,0.6176730472318752,1.0153454914201054,1.0220419284938673,21.245113093080896,20.472764457181462,1.037725664138558
0.9530201342281879,0.5120274914089347,0.5972429608429675,0.615817446961741,1.0154311326545569,1.0220419284938673,21.22497463000088,20.451633079739928,1.0378131930709753
0.959731543624161,0.5102739726027398,0.5953533890379601,0.6139715000621294,1.0155158143836702,1.0220419284938673,21.204910193357374,20.43059589339766,1.0378997413487066
0.9664429530201342,0.5085324232081911,0.5934744736608882,0.6121351485145066,1.0155998700315017,1.0220419284938673,21.184926056173733,20.409652157884654,1.037985649745117
0.9731543624161073,0.5068027210884354,0.5916061467927112,0.6103083350225358,1.0156832999402146,1.0220419284938673,21.165021530052194,20.38880114124999,1.0380709186099117
0.9798657718120806,0.5050847457627118,0.5897483404765442,0.6084910022628077,1.0157661045682942,1.0220419284938673,21.145195936891355,20.36804211974041,1.0381555484116827
0.9865771812080537,0.5033783783783784,0.5879014273290458,0.6066830909153671,1.015847902171453,1.0220419284938673,21.12544065810041,20.347374377681113,1.0382391489917613
0.9932885906040269,0.5016835016835017,0.5860650556677548,0.6048845454012804,1.0159289371190146,1.0220419284938673,21.10576012228657,20.32679720735865,1.0383219701058424
1.0,0.5,0.5842389956973159,0.6030953076891333,1.0160093490077382,1.0220419284938673,21.086156570503583,20.306309908905888,1.0384041544276674
